0 0.1421875 0.5734870317002881 0.0828125 0.16138328530259366
0 0.425 0.3112391930835735 0.0734375 0.14121037463976946
0 0.0375 0.33429394812680113 0.0640625 0.13544668587896252
5 0.253125 0.2910662824207493 0.1375 0.1585014409221902
5 0.5265625 0.5734870317002881 0.1765625 0.1988472622478386
5 0.7953125 0.27089337175792505 0.20625 0.1988472622478386
3 0.9015625 0.5043227665706052 0.134375 0.37752161383285304
3 0.6265625 0.7896253602305475 0.1484375 0.3515850144092219
3 0.3265625 0.40057636887608067 0.1046875 0.1786743515850144
2 0.3046875 0.6801152737752162 0.15 0.1873198847262248
2 0.5828125 0.37175792507204614 0.1328125 0.21037463976945245
1 0.5 0.899135446685879 0.19375 0.16714697406340057
1 0.7671875 0.5965417867435159 0.2109375 0.22478386167146974