0 0.04375 0.5774647887323944 0.034375 0.08215962441314555
0 0.1796875 0.5211267605633803 0.0453125 0.08215962441314555
0 0.4359375 0.3967136150234742 0.046875 0.0892018779342723
3 0.8515625 0.352112676056338 0.1125 0.24647887323943662
3 0.33125 0.6713615023474179 0.075 0.1431924882629108
3 0.4953125 0.4953051643192488 0.0953125 0.22065727699530516
5 0.384375 0.3615023474178404 0.0828125 0.09859154929577464
5 0.2453125 0.5610328638497653 0.0828125 0.09389671361502347
5 0.6671875 0.25821596244131456 0.1765625 0.12910798122065728
5 0.665625 0.45539906103286387 0.06875 0.07981220657276995
2 0.5796875 0.38967136150234744 0.08125 0.07746478873239436
2 0.1359375 0.6408450704225352 0.059375 0.08685446009389672
1 0.596875 0.5915492957746479 0.0703125 0.09859154929577464
1 0.25625 0.7112676056338029 0.1 0.11971830985915492
4 0.3609375 0.5305164319248826 0.10625 0.07511737089201878
4 0.6890625 0.6314553990610329 0.084375 0.09389671361502347
2 0.7953125 0.5751173708920188 0.059375 0.0539906103286385