3 0.16875 0.4647887323943662 0.0859375 0.1596244131455399
3 0.1046875 0.647887323943662 0.084375 0.15492957746478872
3 0.1765625 0.8615023474178404 0.0796875 0.2136150234741784
3 0.5171875 0.6619718309859155 0.09375 0.1784037558685446
0 0.41875 0.4014084507042254 0.0765625 0.07981220657276995
0 0.5234375 0.3215962441314554 0.05 0.11737089201877934
0 0.834375 0.5586854460093896 0.053125 0.12206572769953052
0 0.771875 0.744131455399061 0.071875 0.07042253521126761
2 0.4265625 0.3873239436619718 0.1 0.15492957746478872
4 0.296875 0.6431924882629108 0.0796875 0.13380281690140844
2 0.340625 0.5117370892018779 0.1109375 0.1596244131455399
1 0.2609375 0.47183098591549294 0.0640625 0.07042253521126761
4 0.6828125 0.6572769953051644 0.0609375 0.10093896713615023
2 0.7453125 0.596244131455399 0.0578125 0.06338028169014084
1 0.58125 0.6854460093896714 0.05 0.07981220657276995
5 0.9265625 0.6807511737089202 0.0671875 0.06572769953051644
4 0.9328125 0.8051643192488263 0.04375 0.05868544600938967
2 0.84375 0.7652582159624414 0.0609375 0.05868544600938967