0 0.35 0.22682926829268293 0.053125 0.1024390243902439
0 0.1328125 0.40487804878048783 0.059375 0.1073170731707317
0 0.378125 0.8682926829268293 0.05 0.07804878048780488
0 0.640625 0.5365853658536586 0.0609375 0.07804878048780488
0 0.828125 0.5 0.04375 0.06097560975609756
0 0.5765625 0.8463414634146341 0.053125 0.07317073170731707
0 0.890625 0.6951219512195121 0.0484375 0.08292682926829269
5 0.73125 0.3170731707317073 0.0734375 0.13902439024390245
5 0.425 0.6585365853658537 0.078125 0.13170731707317074
5 0.59375 0.6634146341463415 0.065625 0.15365853658536585
5 0.178125 0.37073170731707317 0.06875 0.13902439024390245
5 0.5203125 0.35609756097560974 0.1078125 0.14146341463414633
3 0.4359375 0.44390243902439025 0.10625 0.3
3 0.7046875 0.651219512195122 0.109375 0.25121951219512195
3 0.50625 0.6853658536585366 0.08125 0.17804878048780487
3 0.2609375 0.4902439024390244 0.065625 0.1926829268292683
2 0.4859375 0.8707317073170732 0.075 0.1
2 0.696875 0.824390243902439 0.1015625 0.07317073170731707
2 0.596875 0.9048780487804878 0.0515625 0.06341463414634146
2 0.2484375 0.3146341463414634 0.0765625 0.07560975609756097