0 0.51328125 0.9730046948356808 0.0546875 0.0539906103286385
0 0.43125 0.596244131455399 0.059375 0.07042253521126761
3 0.40078125 0.028169014084507043 0.1640625 0.056338028169014086
3 0.6140625 0.7535211267605634 0.0953125 0.11267605633802817
3 0.496875 0.5070422535211268 0.146875 0.1431924882629108
5 0.4078125 0.6737089201877934 0.065625 0.12441314553990611
5 0.540625 0.8826291079812206 0.0625 0.12441314553990611
5 0.3390625 0.24882629107981222 0.0859375 0.2652582159624413
5 0.4703125 0.2511737089201878 0.053125 0.10328638497652583
2 0.4265625 0.38028169014084506 0.0515625 0.12206572769953052
1 0.5609375 0.3544600938967136 0.065625 0.1056338028169014
1 0.640625 0.8661971830985915 0.0796875 0.15023474178403756
4 0.5203125 0.7089201877934272 0.05 0.1596244131455399
4 0.5875 0.215962441314554 0.0625 0.1267605633802817
2 0.55 0.056338028169014086 0.0359375 0.0892018779342723