3 0.83125 0.5352112676056338 0.0859375 0.1596244131455399
3 0.8953125 0.352112676056338 0.084375 0.15492957746478872
3 0.8234375 0.13849765258215962 0.0796875 0.2136150234741784
3 0.4828125 0.3380281690140845 0.09375 0.1784037558685446
0 0.58125 0.5985915492957746 0.0765625 0.07981220657276995
0 0.4765625 0.6784037558685446 0.05 0.11737089201877934
0 0.165625 0.4413145539906103 0.053125 0.12206572769953052
0 0.228125 0.25586854460093894 0.071875 0.07042253521126761
2 0.5734375 0.6126760563380281 0.1 0.15492957746478872
4 0.703125 0.3568075117370892 0.0796875 0.13380281690140844
2 0.659375 0.48826291079812206 0.1109375 0.1596244131455399
1 0.7390625 0.528169014084507 0.0640625 0.07042253521126761
4 0.3171875 0.3427230046948357 0.0609375 0.10093896713615023
2 0.2546875 0.40375586854460094 0.0578125 0.06338028169014084
1 0.41875 0.3145539906103286 0.05 0.07981220657276995
5 0.0734375 0.3192488262910798 0.0671875 0.06572769953051644
4 0.0671875 0.19483568075117372 0.04375 0.05868544600938967
2 0.15625 0.2347417840375587 0.0609375 0.05868544600938967