0 0.825 0.4014251781472684 0.065625 0.13064133016627077
0 0.346875 0.8242280285035629 0.08125 0.09738717339667459
0 0.95625 0.04513064133016627 0.075 0.09026128266033254
5 0.4515625 0.5581947743467933 0.1375 0.1828978622327791
5 0.9546875 0.9596199524940617 0.0890625 0.07838479809976247
4 0.9234375 0.7102137767220903 0.0921875 0.09026128266033254
4 0.503125 0.2684085510688836 0.0921875 0.09263657957244656
4 0.0953125 0.8931116389548693 0.0765625 0.15914489311163896
3 0.1453125 0.4085510688836104 0.171875 0.31353919239904987
3 0.7359375 0.8978622327790974 0.1609375 0.19477434679334918
2 0.6421875 0.2921615201900237 0.0921875 0.09738717339667459
2 0.1515625 0.7743467933491687 0.1359375 0.15676959619952494
1 0.83125 0.7743467933491687 0.0828125 0.14014251781472684
1 0.3359375 0.31353919239904987 0.125 0.14726840855106887
1 0.0609375 0.9524940617577197 0.0453125 0.09501187648456057
1 0.20625 0.1163895486935867 0.0640625 0.13539192399049882
1 0.7515625 0.19002375296912113 0.059375 0.0855106888361045
4 0.79375 0.10688836104513064 0.053125 0.08788598574821853
2 0.8359375 0.035629453681710214 0.065625 0.0688836104513064