0 0.63359375 0.581081081081081 0.0609375 0.12312312312312312
0 0.51953125 0.512012012012012 0.0546875 0.08108108108108109
5 0.58671875 0.10510510510510511 0.1078125 0.21021021021021022
5 0.4953125 0.9459459459459459 0.0875 0.10810810810810811
3 0.4109375 0.07807807807807808 0.29375 0.15615615615615616
1 0.38828125 0.8843843843843844 0.0828125 0.16216216216216217
1 0.50703125 0.22072072072072071 0.0703125 0.14414414414414414
4 0.49453125 0.33183183183183185 0.084375 0.12312312312312312
4 0.41484375 0.7942942942942943 0.046875 0.08408408408408409
2 0.57578125 0.33783783783783783 0.075 0.1921921921921922
2 0.47578125 0.6951951951951952 0.0625 0.12912912912912913