0 0.8859375 0.7934272300469484 0.0828125 0.09389671361502347
0 0.321875 0.4131455399061033 0.0671875 0.11737089201877934
0 0.0375 0.7323943661971831 0.0734375 0.13145539906103287
0 0.15625 0.5093896713615024 0.065625 0.09624413145539906
3 0.3421875 0.7605633802816901 0.175 0.3075117370892019
5 0.596875 0.9342723004694836 0.146875 0.107981220657277
5 0.5984375 0.5727699530516432 0.090625 0.13849765258215962
2 0.759375 0.704225352112676 0.0875 0.09859154929577464
2 0.4984375 0.29107981220657275 0.13125 0.15258215962441316
4 0.565625 0.23708920187793428 0.065625 0.12206572769953052
4 0.61875 0.6854460093896714 0.090625 0.07981220657276995
1 0.5015625 0.676056338028169 0.11875 0.1784037558685446
2 0.08125 0.6056338028169014 0.084375 0.12910798122065728