0 0.61015625 0.055793991416309016 0.1015625 0.11158798283261803
0 0.3828125 0.11802575107296137 0.0875 0.11373390557939914
5 0.7140625 0.5708154506437768 0.1453125 0.3562231759656652
5 0.49375 0.6759656652360515 0.1375 0.2832618025751073
3 0.615625 0.8090128755364807 0.221875 0.2575107296137339
3 0.38515625 0.9281115879828327 0.2984375 0.14377682403433475
2 0.596875 0.296137339055794 0.1265625 0.20386266094420602
2 0.359375 0.41201716738197425 0.1140625 0.2296137339055794
4 0.271875 0.5321888412017167 0.09375 0.14377682403433475
4 0.5296875 0.4592274678111588 0.0671875 0.19313304721030042
1 0.5609375 0.5343347639484979 0.0546875 0.17167381974248927
1 0.2890625 0.7017167381974249 0.1265625 0.20386266094420602