0 0.36640625 0.4189189189189189 0.0609375 0.12312312312312312
0 0.48046875 0.487987987987988 0.0546875 0.08108108108108109
5 0.41328125 0.8933933933933934 0.1078125 0.2132132132132132
5 0.503125 0.052552552552552555 0.0875 0.10510510510510511
3 0.5875 0.9204204204204204 0.29375 0.15915915915915915
1 0.61171875 0.11561561561561562 0.0828125 0.16216216216216217
1 0.49296875 0.7792792792792793 0.0703125 0.14414414414414414
4 0.50546875 0.6681681681681682 0.084375 0.12312312312312312
4 0.58515625 0.2057057057057057 0.046875 0.08408408408408409
2 0.42421875 0.6621621621621622 0.075 0.1921921921921922
2 0.52421875 0.3048048048048048 0.0625 0.12912912912912913