3 0.53828125 0.9339853300733496 0.1328125 0.13202933985330073
3 0.28046875 0.6662591687041565 0.0953125 0.15892420537897312
3 0.46640625 0.2041564792176039 0.0875 0.08801955990220049
3 0.55546875 0.28973105134474325 0.1296875 0.13691931540342298
3 0.3984375 0.07579462102689487 0.115625 0.15158924205378974
3 0.73359375 0.034229828850855744 0.1046875 0.06845965770171149
3 0.74453125 0.48533007334963324 0.115625 0.17114914425427874
0 0.25859375 0.9682151589242054 0.0546875 0.06356968215158924
0 0.40078125 0.7713936430317848 0.05 0.05623471882640587
0 0.42265625 0.519559902200489 0.06875 0.07090464547677261
0 0.62421875 0.6124694376528117 0.0546875 0.05134474327628362
0 0.66953125 0.10635696821515893 0.0515625 0.061124694376528114
0 0.58984375 0.15770171149144255 0.0515625 0.08068459657701711
0 0.22578125 0.05378973105134474 0.0390625 0.10757946210268948
0 0.23359375 0.2555012224938875 0.0515625 0.07823960880195599
5 0.22734375 0.5244498777506112 0.0640625 0.1295843520782396
5 0.4078125 0.9841075794621027 0.0625 0.03178484107579462
5 0.63515625 0.8422982885085575 0.059375 0.13691931540342298
5 0.44453125 0.8105134474327629 0.0859375 0.14425427872860636
5 0.66953125 0.3606356968215159 0.059375 0.11735941320293398
5 0.76171875 0.6393643031784841 0.0640625 0.15158924205378974
5 0.51015625 0.10635696821515893 0.06875 0.10024449877750612
3 0.71953125 0.9437652811735942 0.1421875 0.11246943765281174
3 0.77421875 0.8691931540342298 0.090625 0.13202933985330073
3 0.75234375 0.32885085574572126 0.134375 0.15158924205378974
2 0.48984375 0.6515892420537898 0.0703125 0.08557457212713937
2 0.66796875 0.6613691931540342 0.05 0.06845965770171149
2 0.71328125 0.20660146699266504 0.053125 0.07823960880195599
2 0.58359375 0.009779951100244499 0.0515625 0.019559902200488997
2 0.2875 0.05134474327628362 0.053125 0.10268948655256724
1 0.31328125 0.49266503667481665 0.0578125 0.07334963325183375
4 0.30390625 0.4290953545232274 0.0546875 0.07579462102689487
1 0.55234375 0.7567237163814181 0.059375 0.08068459657701711
4 0.53828125 0.6735941320293398 0.05 0.06845965770171149