0 0.0609375 0.39787234042553193 0.1125 0.1851063829787234
0 0.0203125 0.7212765957446808 0.0328125 0.07446808510638298
0 0.5453125 0.7829787234042553 0.0671875 0.09787234042553192
5 0.521875 0.14468085106382977 0.528125 0.28936170212765955
5 0.175 0.6297872340425532 0.1875 0.14680851063829786
5 0.75625 0.6468085106382979 0.25625 0.16382978723404254
3 0.8984375 0.3553191489361702 0.190625 0.41914893617021276
3 0.309375 0.7021276595744681 0.09375 0.16595744680851063
3 0.9265625 0.774468085106383 0.096875 0.19361702127659575
2 0.4375 0.40425531914893614 0.35 0.17872340425531916
2 0.146875 0.7170212765957447 0.1015625 0.08297872340425531
2 0.7 0.7787234042553192 0.1359375 0.09148936170212765
4 0.128125 0.7936170212765957 0.0921875 0.10212765957446808
4 0.696875 0.8851063829787233 0.1015625 0.14893617021276595
4 0.36875 0.5914893617021276 0.1265625 0.19787234042553192
1 0.675 0.502127659574468 0.26875 0.16382978723404254
1 0.8234375 0.8489361702127659 0.1203125 0.10851063829787234
1 0.228125 0.7723404255319148 0.1125 0.10425531914893617