3 0.184375 0.24509803921568626 0.11875 0.21568627450980393
3 0.153125 0.5745098039215686 0.1265625 0.20392156862745098
3 0.2359375 0.7 0.096875 0.21372549019607842
3 0.06796875 0.8970588235294118 0.1078125 0.20588235294117646
3 0.3671875 0.8686274509803922 0.14375 0.2607843137254902
3 0.6609375 0.1392156862745098 0.1765625 0.2784313725490196
0 0.571875 0.43333333333333335 0.06875 0.12156862745098039
0 0.6078125 0.28823529411764703 0.078125 0.08627450980392157
0 0.5984375 0.6333333333333333 0.075 0.10392156862745099
0 0.834375 0.6529411764705882 0.08125 0.08823529411764706
0 0.9234375 0.8294117647058824 0.0828125 0.14313725490196078
5 0.2453125 0.8294117647058824 0.1078125 0.09803921568627451
5 0.5984375 0.7274509803921568 0.140625 0.11176470588235295
5 0.3796875 0.5686274509803921 0.1015625 0.08627450980392157
5 0.3421875 0.42745098039215684 0.109375 0.0803921568627451
5 0.3984375 0.10392156862745099 0.125 0.12941176470588237
1 0.290625 0.2568627450980392 0.08125 0.09411764705882353
1 0.7765625 0.20392156862745098 0.1 0.09803921568627451
1 0.5015625 0.907843137254902 0.0890625 0.09019607843137255
1 0.3265625 0.7333333333333333 0.0515625 0.06470588235294118
1 0.25625 0.5784313725490197 0.0703125 0.08627450980392157
2 0.490625 0.24901960784313726 0.09375 0.09019607843137255
2 0.4515625 0.492156862745098 0.0890625 0.11960784313725491
2 0.6859375 0.6450980392156863 0.1078125 0.0803921568627451
2 0.7640625 0.8745098039215686 0.109375 0.10196078431372549
4 0.64375 0.9235294117647059 0.115625 0.06274509803921569
1 0.465625 0.6784313725490196 0.0890625 0.0803921568627451