3 0.075 0.44724770642201833 0.128125 0.25229357798165136
3 0.8609375 0.7958715596330275 0.1921875 0.3073394495412844
5 0.6390625 0.48853211009174313 0.3109375 0.3119266055045872
5 0.184375 0.22247706422018348 0.1859375 0.21100917431192662
0 0.334375 0.6009174311926605 0.0984375 0.1651376146788991
0 0.3984375 0.20412844036697247 0.0640625 0.11467889908256881
2 0.2984375 0.26605504587155965 0.0703125 0.19954128440366972
2 0.5359375 0.6880733944954128 0.175 0.17889908256880735
1 0.6734375 0.8211009174311926 0.1359375 0.14220183486238533
1 0.190625 0.4243119266055046 0.125 0.11697247706422019
4 0.321875 0.4013761467889908 0.0859375 0.12155963302752294
4 0.4921875 0.8302752293577982 0.159375 0.1743119266055046