0 0.2296875 0.5938967136150235 0.0859375 0.13380281690140844
0 0.4078125 0.3403755868544601 0.06875 0.11502347417840375
5 0.55625 0.41784037558685444 0.14375 0.16666666666666666
3 0.7671875 0.5211267605633803 0.153125 0.3075117370892019
2 0.4234375 0.6384976525821596 0.115625 0.107981220657277
2 0.2484375 0.33568075117370894 0.0890625 0.09624413145539906
5 0.1375 0.15258215962441316 0.096875 0.10093896713615023
1 0.0875 0.37089201877934275 0.0703125 0.09389671361502347
4 0.1734375 0.41784037558685444 0.065625 0.07511737089201878
1 0.575 0.6924882629107981 0.103125 0.10093896713615023
4 0.478125 0.7089201877934272 0.071875 0.08450704225352113