0 0.16875 0.34763948497854075 0.096875 0.13948497854077252
0 0.221875 0.6609442060085837 0.0828125 0.12017167381974249
5 0.5515625 0.20600858369098712 0.259375 0.19957081545064378
5 0.628125 0.5085836909871244 0.20625 0.1888412017167382
3 0.725 0.34120171673819744 0.1875 0.30472103004291845
3 0.8703125 0.6566523605150214 0.2203125 0.40987124463519314
2 0.3515625 0.3669527896995708 0.1484375 0.17381974248927037
2 0.4359375 0.6931330472103004 0.1671875 0.15665236051502146
4 0.5234375 0.8133047210300429 0.1046875 0.12875536480686695
4 0.4703125 0.4592274678111588 0.140625 0.09227467811158799
1 0.525 0.41630901287553645 0.125 0.07510729613733906
1 0.646875 0.7896995708154506 0.1484375 0.17381974248927037