3 0.61640625 0.35714285714285715 0.1265625 0.17096018735362997
3 0.44453125 0.16978922716627634 0.1140625 0.09601873536299765
3 0.23359375 0.6709601873536299 0.109375 0.13348946135831383
3 0.44765625 0.7014051522248244 0.1296875 0.1358313817330211
3 0.42421875 0.509367681498829 0.0546875 0.07728337236533958
0 0.78671875 0.6990632318501171 0.065625 0.08430913348946135
0 0.48046875 0.01405152224824356 0.0515625 0.02810304449648712
0 0.47734375 0.4203747072599532 0.0546875 0.0936768149882904
0 0.28984375 0.32669789227166274 0.0515625 0.06323185011709602
5 0.51875 0.05737704918032787 0.090625 0.11475409836065574
5 0.74453125 0.47423887587822017 0.1421875 0.17096018735362997
5 0.48671875 0.8793911007025761 0.084375 0.18032786885245902
5 0.31484375 0.5163934426229508 0.090625 0.1873536299765808
4 0.41640625 0.02224824355971897 0.0546875 0.04449648711943794
4 0.67734375 0.6428571428571429 0.075 0.09601873536299765
4 0.37421875 0.9426229508196722 0.0546875 0.10772833723653395
4 0.20546875 0.42505854800936765 0.0640625 0.10772833723653395
2 0.46484375 0.05269320843091335 0.059375 0.06557377049180328
2 0.46796875 0.5257611241217799 0.0859375 0.11241217798594848
1 0.42265625 0.07142857142857142 0.0484375 0.07728337236533958
1 0.64140625 0.5046838407494145 0.065625 0.09836065573770492
1 0.39765625 0.8138173302107728 0.0671875 0.08196721311475409
1 0.21015625 0.5421545667447307 0.0515625 0.08665105386416862