0 0.4546875 0.03282275711159737 0.109375 0.06564551422319474
0 0.72578125 0.3074398249452954 0.078125 0.12253829321663019
5 0.47890625 0.4540481400437637 0.2359375 0.45076586433260396
5 0.71953125 0.7166301969365426 0.1734375 0.36323851203501095
3 0.5921875 0.9080962800875274 0.165625 0.1838074398249453
3 0.28984375 0.7035010940919038 0.1921875 0.24288840262582057
2 0.37265625 0.2439824945295405 0.1109375 0.15317286652078774
2 0.65234375 0.5065645514223195 0.0828125 0.16411378555798686
4 0.24453125 0.2592997811816193 0.1265625 0.15536105032822758
1 0.24140625 0.4474835886214442 0.1203125 0.3676148796498906
4 0.57265625 0.513129102844639 0.0890625 0.10284463894967177
1 0.54921875 0.6969365426695843 0.1265625 0.3063457330415755