0 0.20234375 0.9506437768240343 0.0671875 0.09871244635193133
0 0.2109375 0.7360515021459227 0.0578125 0.1072961373390558
0 0.1859375 0.5171673819742489 0.0515625 0.09656652360515021
0 0.1921875 0.37339055793991416 0.0640625 0.10944206008583691
0 0.165625 0.08369098712446352 0.0578125 0.09227467811158799
2 0.3375 0.9206008583690987 0.10625 0.0815450643776824
2 0.334375 0.6695278969957081 0.0953125 0.07725321888412018
2 0.3328125 0.3948497854077253 0.103125 0.07081545064377683
2 0.3265625 0.6201716738197425 0.1015625 0.08798283261802575
2 0.3125 0.13948497854077252 0.103125 0.05793991416309013
5 0.5015625 0.8412017167381974 0.1125 0.07939914163090128
5 0.4984375 0.4206008583690987 0.1515625 0.0815450643776824
5 0.45 0.19098712446351931 0.134375 0.06866952789699571
3 0.77890625 0.9302575107296137 0.1703125 0.13948497854077252
3 0.77109375 0.776824034334764 0.1859375 0.23605150214592274
3 0.78125 0.5879828326180258 0.165625 0.315450643776824
3 0.7734375 0.2167381974248927 0.18125 0.3605150214592275
3 0.75703125 0.1148068669527897 0.2140625 0.2296137339055794