2 0.653125 0.88125 0.16875 0.121875
2 0.690625 0.675 0.159375 0.15
2 0.665625 0.4546875 0.1796875 0.11875
2 0.696875 0.321875 0.1890625 0.1046875
2 0.6703125 0.121875 0.16875 0.11875
1 0.375 0.2015625 0.375 0.0765625
5 0.4421875 0.8015625 0.534375 0.0625
5 0.4421875 0.546875 0.4890625 0.0765625
1 0.375 0.425 0.35 0.0796875
0 0.9421875 0.8015625 0.059375 0.13125
0 0.9125 0.4828125 0.11875 0.0890625
0 0.9359375 0.215625 0.0765625 0.13125
3 0.115625 0.8125 0.2046875 0.14375
3 0.1234375 0.5 0.23125 0.1796875
3 0.1125 0.196875 0.19375 0.1046875