0 0.26875 0.37089201877934275 0.0671875 0.07981220657276995
0 0.5625 0.323943661971831 0.05 0.06572769953051644
2 0.3578125 0.5164319248826291 0.0953125 0.11737089201877934
4 0.3078125 0.5915492957746479 0.0796875 0.14788732394366197
5 0.44375 0.49765258215962443 0.121875 0.2887323943661972
3 0.51875 0.704225352112676 0.1125 0.1619718309859155
3 0.4015625 0.6924882629107981 0.0953125 0.13615023474178403
5 0.60625 0.25821596244131456 0.04375 0.1056338028169014
2 0.609375 0.3732394366197183 0.0671875 0.12910798122065728
2 0.521875 0.2934272300469484 0.046875 0.08450704225352113
4 0.5484375 0.43661971830985913 0.0859375 0.107981220657277