3 0.60859375 0.15105386416861827 0.115625 0.20843091334894615
3 0.61015625 0.3946135831381733 0.0953125 0.22482435597189696
3 0.50703125 0.30562060889929743 0.1171875 0.23653395784543327
0 0.68203125 0.7388758782201406 0.05625 0.07728337236533958
0 0.62734375 0.6545667447306791 0.0515625 0.11241217798594848
0 0.63046875 0.4929742388758782 0.0515625 0.08430913348946135
0 0.62265625 0.09016393442622951 0.0515625 0.08899297423887588
0 0.23515625 0.29156908665105385 0.0546875 0.09836065573770492
0 0.32421875 0.35714285714285715 0.0515625 0.08430913348946135
0 0.23984375 0.5913348946135831 0.05625 0.0936768149882904
0 0.18984375 0.09250585480093677 0.046875 0.07494145199063232
2 0.34609375 0.8723653395784543 0.0828125 0.14988290398126464
2 0.73359375 0.5983606557377049 0.05625 0.07962529274004684
2 0.33515625 0.148711943793911 0.0734375 0.11241217798594848
2 0.42421875 0.27049180327868855 0.071875 0.08899297423887588
5 0.48828125 0.7037470725995316 0.075 0.15456674473067916