0 0.4328125 0.7253521126760564 0.078125 0.08450704225352113
5 0.3015625 0.24882629107981222 0.2578125 0.284037558685446
4 0.6859375 0.5328638497652582 0.2890625 0.22769953051643194
2 0.503125 0.5117370892018779 0.0859375 0.15258215962441316
1 0.66875 0.4272300469483568 0.3109375 0.23943661971830985
3 0.5109375 0.23943661971830985 0.246875 0.14553990610328638
3 0.540625 0.965962441314554 0.184375 0.06807511737089202
5 0.37890625 0.9518779342723005 0.1515625 0.09624413145539906
5 0.33828125 0.046948356807511735 0.1859375 0.09389671361502347
0 0.625 0.15492957746478872 0.0765625 0.07042253521126761
4 0.77265625 0.036384976525821594 0.1203125 0.07276995305164319