0 0.0765625 0.2136150234741784 0.075 0.15492957746478872
0 0.06875 0.7347417840375586 0.05625 0.12206572769953052
3 0.9078125 0.7065727699530516 0.140625 0.392018779342723
3 0.6921875 0.22535211267605634 0.1078125 0.3380281690140845
5 0.346875 0.08685446009389672 0.290625 0.11737089201877934
5 0.43125 0.5187793427230047 0.3453125 0.1784037558685446
2 0.246875 0.22065727699530516 0.090625 0.07511737089201878
2 0.296875 0.7511737089201878 0.1484375 0.0892018779342723
4 0.2296875 0.32629107981220656 0.0609375 0.09154929577464789
4 0.2828125 0.8779342723004695 0.0671875 0.0892018779342723
1 0.5984375 0.8732394366197183 0.0875 0.14788732394366197
1 0.4890625 0.31690140845070425 0.06875 0.08215962441314555