5 0.284375 0.7903981264637002 0.13125 0.41920374707259955
1 0.48203125 0.9309133489461359 0.1296875 0.13817330210772832
4 0.52734375 0.7763466042154566 0.1 0.22482435597189696
2 0.45078125 0.5772833723653396 0.1828125 0.17096018735362997
0 0.49921875 0.38524590163934425 0.071875 0.18032786885245902
5 0.6875 0.8138173302107728 0.10625 0.37236533957845436
3 0.65703125 0.47423887587822017 0.1359375 0.1756440281030445
5 0.60078125 0.275175644028103 0.09375 0.34192037470725994
1 0.72109375 0.3875878220140515 0.0875 0.18969555035128804
4 0.76796875 0.21194379391100704 0.05 0.1358313817330211
2 0.40234375 0.1053864168618267 0.1171875 0.2107728337236534