0 0.5859375 0.15258215962441316 0.053125 0.10093896713615023
0 0.6171875 0.5938967136150235 0.04375 0.07511737089201878
2 0.4890625 0.2863849765258216 0.078125 0.1431924882629108
4 0.4390625 0.2112676056338028 0.0984375 0.11971830985915492
5 0.5015625 0.4154929577464789 0.1921875 0.18309859154929578
3 0.3640625 0.528169014084507 0.1078125 0.16901408450704225
3 0.371875 0.352112676056338 0.090625 0.1431924882629108
5 0.6609375 0.6596244131455399 0.0703125 0.06572769953051644
2 0.584375 0.6643192488262911 0.0859375 0.10093896713615023
2 0.6375 0.5328638497652582 0.05625 0.07042253521126761
4 0.5421875 0.5727699530516432 0.071875 0.12910798122065728