0 0.28125 0.3555045871559633 0.0484375 0.11009174311926606
0 0.9296875 0.3532110091743119 0.05625 0.12155963302752294
0 0.959375 0.5412844036697247 0.0421875 0.08944954128440367
0 0.684375 0.5298165137614679 0.0375 0.0871559633027523
0 0.471875 0.6559633027522935 0.0453125 0.08486238532110092
0 0.3828125 0.6192660550458715 0.034375 0.09862385321100918
3 0.1125 0.555045871559633 0.0890625 0.21330275229357798
3 0.41875 0.32798165137614677 0.1328125 0.25688073394495414
3 0.3296875 0.3623853211009174 0.09375 0.21559633027522937
5 0.6390625 0.22935779816513763 0.275 0.14908256880733944
5 0.228125 0.5091743119266054 0.1421875 0.0963302752293578
4 0.753125 0.5206422018348624 0.1171875 0.12385321100917432
4 0.83125 0.6513761467889908 0.0984375 0.06422018348623854
4 0.2734375 0.7477064220183486 0.090625 0.08944954128440367
4 0.35625 0.7568807339449541 0.0890625 0.08486238532110092
1 0.434375 0.5091743119266054 0.1203125 0.16972477064220184
1 0.1828125 0.6605504587155964 0.08125 0.13073394495412843
1 0.578125 0.42201834862385323 0.15625 0.1444954128440367
1 0.703125 0.6009174311926605 0.0984375 0.08256880733944955