0 0.05688622754491018 0.84140625 0.10778443113772455 0.0609375
0 0.5059880239520959 0.85078125 0.09580838323353294 0.075
0 0.9680638722554891 0.84921875 0.06387225548902195 0.0703125
3 0.07085828343313373 0.2015625 0.14171656686626746 0.14375
3 0.4940119760479042 0.17734375 0.24550898203592814 0.13125
3 0.9211576846307385 0.1703125 0.15768463073852296 0.11875
5 0.39820359281437123 0.45234375 0.1217564870259481 0.240625
5 0.8552894211576846 0.41484375 0.1437125748502994 0.228125
2 0.02694610778443114 0.65625 0.05389221556886228 0.121875
2 0.46407185628742514 0.61171875 0.09580838323353294 0.121875
2 0.9051896207584831 0.66796875 0.09381237524950099 0.1140625
4 0.1506986027944112 0.62421875 0.08982035928143713 0.1046875
4 0.6117764471057884 0.57109375 0.10179640718562874 0.0921875
1 0.9860279441117764 0.3640625 0.027944111776447105 0.09375
1 0.5838323353293413 0.38671875 0.09381237524950099 0.109375
1 0.10079840319361277 0.37890625 0.08383233532934131 0.0921875