3 0.125 0.7298578199052133 0.1515625 0.1966824644549763
0 0.3234375 0.3791469194312796 0.0984375 0.13981042654028436
2 0.4859375 0.3933649289099526 0.14375 0.2014218009478673
3 0.0875 0.3104265402843602 0.0734375 0.22511848341232227
1 0.13125 0.41706161137440756 0.13125 0.13744075829383887
5 0.1546875 0.21800947867298578 0.0921875 0.12322274881516587
5 0.2421875 0.6066350710900474 0.221875 0.10426540284360189
3 0.21875 0.8199052132701422 0.20625 0.14691943127962084
5 0.7390625 0.24170616113744076 0.2671875 0.13981042654028436
3 0.8796875 0.4265402843601896 0.146875 0.32701421800947866
1 0.75625 0.5687203791469194 0.2765625 0.2109004739336493
4 0.6140625 0.6777251184834123 0.3890625 0.2962085308056872
4 0.30703125 0.8969194312796208 0.2765625 0.20616113744075829
3 0.8484375 0.11137440758293839 0.059375 0.16113744075829384
2 0.7265625 0.17772511848341233 0.06875 0.0924170616113744
5 0.80625 0.08056872037914692 0.0609375 0.08767772511848342
2 0.45 0.12559241706161137 0.0609375 0.10426540284360189
5 0.5359375 0.16350710900473933 0.0578125 0.1018957345971564