0 0.52421875 0.8489461358313818 0.0671875 0.10304449648711944
3 0.31171875 0.5960187353629977 0.1828125 0.1288056206088993
3 0.61640625 0.7505854800936768 0.121875 0.12177985948477751
5 0.26171875 0.059718969555035126 0.06875 0.08665105386416862
5 0.25234375 0.8770491803278688 0.0640625 0.14754098360655737
5 0.39140625 0.3079625292740047 0.0640625 0.17096018735362997
5 0.57734375 0.9625292740046838 0.0390625 0.07494145199063232
1 0.59765625 0.23536299765807964 0.08125 0.1756440281030445
1 0.359375 0.01288056206088993 0.053125 0.02576112412177986
1 0.36796875 0.7997658079625293 0.05 0.11943793911007025
1 0.66328125 0.9285714285714286 0.0328125 0.07962529274004684
2 0.48515625 0.5304449648711944 0.078125 0.22950819672131148