2 0.346875 0.11875 0.16875 0.121875
2 0.309375 0.325 0.159375 0.15
2 0.334375 0.5453125 0.1796875 0.11875
2 0.303125 0.678125 0.1890625 0.1046875
2 0.3296875 0.878125 0.16875 0.11875
1 0.625 0.7984375 0.375 0.0765625
5 0.5578125 0.1984375 0.534375 0.0625
5 0.5578125 0.453125 0.4890625 0.0765625
1 0.625 0.575 0.35 0.0796875
0 0.0578125 0.1984375 0.059375 0.13125
0 0.0875 0.5171875 0.11875 0.0890625
0 0.0640625 0.784375 0.0765625 0.13125
3 0.884375 0.1875 0.2046875 0.14375
3 0.8765625 0.5 0.23125 0.1796875
3 0.8875 0.803125 0.19375 0.1046875