0 0.9265625 0.7306889352818372 0.0828125 0.14613778705636743
0 0.909375 0.25260960334029225 0.1046875 0.20668058455114824
3 0.1875 0.7849686847599165 0.259375 0.37160751565762007
3 0.1546875 0.2881002087682672 0.2546875 0.3674321503131524
5 0.45 0.44258872651356995 0.2046875 0.16701461377870563
5 0.4875 0.8997912317327766 0.19375 0.1440501043841336
1 0.41875 0.15031315240083507 0.1578125 0.17118997912317327
1 0.459375 0.6409185803757829 0.1328125 0.11482254697286012
4 0.5359375 0.11899791231732777 0.115625 0.07933194154488518
4 0.54375 0.5970772442588727 0.1390625 0.08350730688935282
2 0.659375 0.7578288100208769 0.159375 0.1649269311064718
2 0.64375 0.2860125260960334 0.159375 0.1649269311064718