0 0.175 0.5985748218527316 0.065625 0.13064133016627077
0 0.653125 0.17577197149643706 0.08125 0.09738717339667459
0 0.04375 0.9548693586698337 0.075 0.09026128266033254
5 0.5484375 0.4418052256532066 0.1375 0.1828978622327791
5 0.0453125 0.040380047505938245 0.0890625 0.07838479809976247
4 0.0765625 0.28978622327790976 0.0921875 0.09026128266033254
4 0.496875 0.7315914489311164 0.0921875 0.09263657957244656
4 0.9046875 0.10688836104513064 0.0765625 0.15914489311163896
3 0.8546875 0.5914489311163895 0.171875 0.31353919239904987
3 0.2640625 0.1021377672209026 0.1609375 0.19477434679334918
2 0.3578125 0.7078384798099763 0.0921875 0.09738717339667459
2 0.8484375 0.22565320665083136 0.1359375 0.15676959619952494
1 0.16875 0.22565320665083136 0.0828125 0.14014251781472684
1 0.6640625 0.6864608076009501 0.125 0.14726840855106887
1 0.9390625 0.047505938242280284 0.0453125 0.09501187648456057
1 0.79375 0.8836104513064132 0.0640625 0.13539192399049882
1 0.2484375 0.8099762470308789 0.059375 0.0855106888361045
4 0.20625 0.8931116389548693 0.053125 0.08788598574821853
2 0.1640625 0.9643705463182898 0.065625 0.0688836104513064