3 0.2890625 0.4581589958158996 0.1578125 0.1589958158995816
5 0.215625 0.7196652719665272 0.0765625 0.15690376569037656
5 0.4015625 0.2928870292887029 0.1828125 0.19665271966527198
3 0.2734375 0.6673640167364017 0.075 0.12552301255230125
2 0.49375 0.4100418410041841 0.1015625 0.2112970711297071
2 0.2734375 0.893305439330544 0.09375 0.08158995815899582
4 0.340625 0.8451882845188284 0.0609375 0.10669456066945607
4 0.5390625 0.4225941422594142 0.0609375 0.09205020920502092
1 0.415625 0.4351464435146444 0.1 0.08786610878661087
0 0.60625 0.2719665271966527 0.0671875 0.11506276150627615
0 0.3078125 0.8451882845188284 0.0546875 0.08786610878661087