0 0.9390625 0.6021276595744681 0.1125 0.1851063829787234
0 0.9796875 0.27872340425531916 0.0328125 0.07446808510638298
0 0.4546875 0.2170212765957447 0.0671875 0.09787234042553192
5 0.478125 0.8553191489361702 0.528125 0.28936170212765955
5 0.825 0.3702127659574468 0.1875 0.14680851063829786
5 0.24375 0.35319148936170214 0.25625 0.16382978723404254
3 0.1015625 0.6446808510638298 0.190625 0.41914893617021276
3 0.690625 0.2978723404255319 0.09375 0.16595744680851063
3 0.0734375 0.225531914893617 0.096875 0.19361702127659575
2 0.5625 0.5957446808510638 0.35 0.17872340425531916
2 0.853125 0.28297872340425534 0.1015625 0.08297872340425531
2 0.3 0.22127659574468084 0.1359375 0.09148936170212765
4 0.871875 0.20638297872340425 0.0921875 0.10212765957446808
4 0.303125 0.1148936170212766 0.1015625 0.14893617021276595
4 0.63125 0.4085106382978723 0.1265625 0.19787234042553192
1 0.325 0.4978723404255319 0.26875 0.16382978723404254
1 0.1765625 0.15106382978723404 0.1203125 0.10851063829787234
1 0.771875 0.2276595744680851 0.1125 0.10425531914893617