5 0.13125 0.23192019950124687 0.2484375 0.4613466334164589
5 0.53125 0.23690773067331672 0.13125 0.46633416458852867
5 0.8453125 0.44139650872817954 0.3078125 0.29177057356608477
2 0.1140625 0.513715710723192 0.06875 0.1172069825436409
2 0.28125 0.571072319201995 0.096875 0.11221945137157108
2 0.5171875 0.6633416458852868 0.1203125 0.12718204488778054
2 0.7328125 0.7531172069825436 0.096875 0.12219451371571072
4 0.8296875 0.5785536159600998 0.0796875 0.10473815461346633
4 0.6140625 0.44139650872817954 0.0796875 0.10972568578553615
4 0.3296875 0.36159600997506236 0.0921875 0.09476309226932668
0 0.5640625 0.8603491271820449 0.0859375 0.11970074812967581
0 0.325 0.7331670822942643 0.090625 0.11221945137157108
0 0.1375 0.7231920199501247 0.109375 0.12468827930174564