5 0.56875 0.8107344632768362 0.14375 0.18361581920903955
5 0.24375 0.3870056497175141 0.0515625 0.12146892655367232
5 0.3390625 0.3644067796610169 0.0453125 0.10451977401129943
5 0.51875 0.4576271186440678 0.0421875 0.07344632768361582
5 0.5421875 0.3248587570621469 0.021875 0.0480225988700565
5 0.8375 0.22598870056497175 0.0359375 0.06497175141242938
5 0.559375 0.1807909604519774 0.0375 0.08757062146892655
2 0.60625 0.7231638418079096 0.078125 0.1553672316384181
2 0.6109375 0.9392655367231638 0.065625 0.12146892655367232
2 0.2546875 0.5338983050847458 0.0578125 0.07062146892655367
2 0.53125 0.556497175141243 0.0375 0.07909604519774012
2 0.55625 0.4124293785310734 0.0328125 0.062146892655367235
2 0.4140625 0.2853107344632768 0.0578125 0.1016949152542373
2 0.578125 0.3050847457627119 0.05 0.07344632768361582
3 0.1375 0.4293785310734463 0.0671875 0.1977401129943503
3 0.1921875 0.6779661016949152 0.2359375 0.1977401129943503
3 0.2625 0.18926553672316385 0.04375 0.1553672316384181
3 0.446875 0.3813559322033898 0.0671875 0.09887005649717515
3 0.73125 0.2768361581920904 0.0890625 0.1807909604519774
1 0.3234375 0.7203389830508474 0.0578125 0.11016949152542373
1 0.1640625 0.4406779661016949 0.0359375 0.11581920903954802
1 0.2921875 0.19491525423728814 0.03125 0.11016949152542373
1 0.453125 0.4915254237288136 0.021875 0.059322033898305086
5 0.39375 0.11581920903954802 0.0828125 0.12146892655367232