0 0.06387225548902195 0.153125 0.07784431137724551 0.084375
0 0.05189620758483034 0.5046875 0.09580838323353294 0.075
0 0.05389221556886228 0.875 0.08982035928143713 0.065625
3 0.8802395209580839 0.1296875 0.18363273453093812 0.1796875
3 0.9121756487025948 0.4953125 0.16766467065868262 0.1921875
3 0.9201596806387226 0.85 0.15169660678642716 0.1625
5 0.562874251497006 0.0421875 0.33532934131736525 0.0828125
5 0.5608782435129741 0.4203125 0.3073852295409182 0.0953125
5 0.6087824351297405 0.778125 0.29141716566866266 0.1125
2 0.2994011976047904 0.121875 0.15568862275449102 0.059375
2 0.35728542914171657 0.471875 0.15568862275449102 0.075
2 0.28542914171656686 0.8171875 0.14570858283433133 0.0734375
4 0.3413173652694611 0.2265625 0.13373253493013973 0.0703125
4 0.4091816367265469 0.5875 0.11776447105788423 0.0796875
1 0.6726546906187625 0.909375 0.11976047904191617 0.078125
1 0.6447105788423154 0.565625 0.13972055888223553 0.0734375
1 0.654690618762475 0.1875 0.11776447105788423 0.065625