0 0.159375 0.09227467811158799 0.0953125 0.09227467811158799
0 0.328125 0.10300429184549356 0.078125 0.07939914163090128
0 0.4875 0.06866952789699571 0.0703125 0.07081545064377683
0 0.5921875 0.07725321888412018 0.0796875 0.08798283261802575
0 0.803125 0.0407725321888412 0.0671875 0.07939914163090128
2 0.19375 0.27682403433476394 0.059375 0.1459227467811159
2 0.3765625 0.27253218884120173 0.05625 0.13090128755364808
2 0.5765625 0.2703862660944206 0.0515625 0.14163090128755365
2 0.4125 0.26180257510729615 0.0640625 0.13948497854077252
2 0.7625 0.24248927038626608 0.0421875 0.14163090128755365
5 0.075 0.5064377682403434 0.0703125 0.15665236051502146
5 0.2515625 0.5021459227467812 0.0578125 0.15450643776824036
5 0.5578125 0.4978540772532189 0.059375 0.20815450643776823
5 0.725 0.4313304721030043 0.05 0.18454935622317598
5 0.8890625 0.45493562231759654 0.075 0.20386266094420602
3 0.1375 0.8830472103004292 0.2 0.23390557939914164
3 0.2984375 0.8723175965665236 0.171875 0.2553648068669528
3 0.4359375 0.8862660944206009 0.2296875 0.22746781115879827
3 0.70625 0.8755364806866953 0.2625 0.24892703862660945
3 0.79921875 0.8530042918454935 0.2046875 0.2939914163090129