0 0.7703125 0.4061032863849765 0.0859375 0.13380281690140844
0 0.5921875 0.6596244131455399 0.06875 0.11502347417840375
5 0.44375 0.5821596244131455 0.14375 0.16666666666666666
3 0.2328125 0.4788732394366197 0.153125 0.3075117370892019
2 0.5765625 0.3615023474178404 0.115625 0.107981220657277
2 0.7515625 0.6643192488262911 0.0890625 0.09624413145539906
5 0.8625 0.8474178403755869 0.096875 0.10093896713615023
1 0.9125 0.6291079812206573 0.0703125 0.09389671361502347
4 0.8265625 0.5821596244131455 0.065625 0.07511737089201878
1 0.425 0.3075117370892019 0.103125 0.10093896713615023
4 0.521875 0.29107981220657275 0.071875 0.08450704225352113