3 0.65078125 0.976303317535545 0.1296875 0.04739336492890995
0 0.4203125 0.7677725118483413 0.0921875 0.14928909952606634
2 0.4296875 0.5213270142180095 0.1328125 0.21800947867298578
1 0.4453125 0.9798578199052133 0.090625 0.04028436018957346
5 0.3140625 0.976303317535545 0.08125 0.04739336492890995
5 0.5703125 0.8613744075829384 0.06875 0.2772511848341232
3 0.7109375 0.8850710900473934 0.096875 0.22985781990521326
5 0.32890625 0.16943127962085308 0.0921875 0.33886255924170616
1 0.54453125 0.15995260663507108 0.1390625 0.31990521327014215
4 0.6171875 0.32701421800947866 0.1953125 0.590047393364929
4 0.76171875 0.7914691943127962 0.1359375 0.41706161137440756
2 0.2875 0.15639810426540285 0.0609375 0.10426540284360189
5 0.22265625 0.04028436018957346 0.0578125 0.08056872037914692
2 0.253125 0.5758293838862559 0.06875 0.0924170616113744
5 0.278125 0.44549763033175355 0.0671875 0.08767772511848342