3 0.4046875 0.3255269320843091 0.1140625 0.18969555035128804
3 0.2796875 0.5831381733021077 0.0640625 0.17096018735362997
3 0.6140625 0.8992974238875878 0.0890625 0.16393442622950818
3 0.634375 0.5784543325526932 0.090625 0.19437939110070257
3 0.50625 0.6135831381733021 0.0515625 0.08196721311475409
0 0.6328125 0.0702576112412178 0.05625 0.09836065573770492
0 0.15 0.5292740046838408 0.071875 0.07728337236533958
0 0.8703125 0.6065573770491803 0.0515625 0.07728337236533958
0 0.446875 0.5339578454332553 0.0625 0.08196721311475409
0 0.384375 0.8149882903981265 0.0421875 0.07728337236533958
5 0.2015625 0.4707259953161593 0.0828125 0.1358313817330211
5 0.4828125 0.13348946135831383 0.1140625 0.21311475409836064
5 0.753125 0.5199063231850117 0.1203125 0.12646370023419204
5 0.5109375 0.7775175644028103 0.125 0.1358313817330211
4 0.1546875 0.6252927400468384 0.0828125 0.08196721311475409
4 0.5953125 0.234192037470726 0.0640625 0.11241217798594848
4 0.7953125 0.6885245901639344 0.071875 0.08196721311475409
4 0.45 0.9414519906323185 0.071875 0.09601873536299765
2 0.2015625 0.5526932084309133 0.04375 0.08899297423887588
2 0.5171875 0.5480093676814989 0.075 0.1288056206088993
1 0.2140625 0.6159250585480094 0.0515625 0.07259953161592506
1 0.503125 0.28805620608899296 0.065625 0.09836065573770492
1 0.709375 0.6533957845433255 0.0546875 0.10070257611241218
1 0.528125 0.9344262295081968 0.0578125 0.07728337236533958