0 0.71875 0.6444954128440367 0.0484375 0.11009174311926606
0 0.0703125 0.6467889908256881 0.05625 0.12155963302752294
0 0.040625 0.45871559633027525 0.0421875 0.08944954128440367
0 0.315625 0.4701834862385321 0.0375 0.0871559633027523
0 0.528125 0.3440366972477064 0.0453125 0.08486238532110092
0 0.6171875 0.38073394495412843 0.034375 0.09862385321100918
3 0.8875 0.44495412844036697 0.0890625 0.21330275229357798
3 0.58125 0.6720183486238532 0.1328125 0.25688073394495414
3 0.6703125 0.6376146788990825 0.09375 0.21559633027522937
5 0.3609375 0.7706422018348624 0.275 0.14908256880733944
5 0.771875 0.4908256880733945 0.1421875 0.0963302752293578
4 0.246875 0.4793577981651376 0.1171875 0.12385321100917432
4 0.16875 0.3486238532110092 0.0984375 0.06422018348623854
4 0.7265625 0.25229357798165136 0.090625 0.08944954128440367
4 0.64375 0.24311926605504589 0.0890625 0.08486238532110092
1 0.565625 0.4908256880733945 0.1203125 0.16972477064220184
1 0.8171875 0.3394495412844037 0.08125 0.13073394495412843
1 0.421875 0.5779816513761468 0.15625 0.1444954128440367
1 0.296875 0.39908256880733944 0.0984375 0.08256880733944955