3 0.1515625 0.20334261838440112 0.10625 0.35097493036211697
3 0.04375 0.7047353760445683 0.0875 0.40947075208913647
3 0.46875 0.28969359331476324 0.1015625 0.37047353760445684
0 0.809375 0.7715877437325905 0.11875 0.2757660167130919
0 0.421875 0.6211699164345403 0.0640625 0.18662952646239556
2 0.340625 0.7827298050139275 0.0890625 0.11977715877437325
2 0.7234375 0.4233983286908078 0.078125 0.12256267409470752
5 0.5890625 0.15598885793871867 0.1140625 0.15877437325905291
5 0.2875 0.08913649025069638 0.109375 0.15877437325905291
5 0.178125 0.5097493036211699 0.11875 0.1615598885793872
1 0.1375 0.807799442896936 0.13125 0.24512534818941503
1 0.54375 0.42618384401114207 0.0921875 0.25348189415041783
1 0.234375 0.3203342618384401 0.0890625 0.22284122562674094