0 0.9431137724550899 0.15859375 0.10778443113772455 0.0609375
0 0.4940119760479042 0.14921875 0.09580838323353294 0.075
0 0.03093812375249501 0.15078125 0.06187624750499002 0.0703125
3 0.9291417165668663 0.796875 0.14171656686626746 0.14375
3 0.5059880239520959 0.82265625 0.24550898203592814 0.13125
3 0.07784431137724551 0.828125 0.15568862275449102 0.11875
5 0.6017964071856288 0.54765625 0.1217564870259481 0.240625
5 0.14471057884231536 0.58515625 0.1437125748502994 0.228125
2 0.9720558882235529 0.3421875 0.05588822355289421 0.121875
2 0.5359281437125748 0.38828125 0.09580838323353294 0.121875
2 0.09481037924151696 0.33203125 0.09381237524950099 0.1140625
4 0.8493013972055888 0.37578125 0.08982035928143713 0.1046875
4 0.38822355289421157 0.42890625 0.10179640718562874 0.0921875
1 0.012974051896207584 0.634375 0.02594810379241517 0.09375
1 0.4161676646706587 0.61328125 0.09381237524950099 0.109375
1 0.8992015968063872 0.62109375 0.08383233532934131 0.0921875