3 0.184375 0.41388888888888886 0.2171875 0.29444444444444445
3 0.15625 0.5861111111111111 0.1859375 0.3472222222222222
1 0.340625 0.7416666666666667 0.1765625 0.22777777777777777
1 0.3765625 0.425 0.1515625 0.17777777777777778
4 0.490625 0.4444444444444444 0.1078125 0.12222222222222222
4 0.4625 0.8111111111111111 0.096875 0.1388888888888889
2 0.5671875 0.6916666666666667 0.1265625 0.12222222222222222
2 0.5875 0.31666666666666665 0.125 0.1111111111111111
5 0.4796875 0.1527777777777778 0.175 0.14722222222222223
0 0.7296875 0.31666666666666665 0.1 0.12222222222222222
0 0.7015625 0.6666666666666666 0.0859375 0.12777777777777777