3 0.315625 0.43207126948775054 0.178125 0.23162583518930957
5 0.4828125 0.19376391982182628 0.3453125 0.23162583518930957
1 0.525 0.44320712694877507 0.215625 0.08463251670378619
2 0.565625 0.34075723830734966 0.146875 0.1514476614699332
0 0.690625 0.24944320712694878 0.1296875 0.08240534521158129
3 0.38125 0.89086859688196 0.19375 0.21603563474387527
5 0.4953125 0.6481069042316259 0.20625 0.2182628062360802
1 0.5921875 0.821826280623608 0.315625 0.15812917594654788
2 0.615625 0.6681514476614699 0.1328125 0.2071269487750557
2 0.7953125 0.6859688195991092 0.065625 0.09799554565701558
0 0.7921875 0.5367483296213809 0.1328125 0.12249443207126949