3 0.8484375 0.7966573816155988 0.10625 0.35097493036211697
3 0.95625 0.29526462395543174 0.0875 0.40947075208913647
3 0.53125 0.7103064066852368 0.1015625 0.37047353760445684
0 0.190625 0.22841225626740946 0.11875 0.2757660167130919
0 0.578125 0.3788300835654596 0.0640625 0.18662952646239556
2 0.659375 0.21727019498607242 0.0890625 0.11977715877437325
2 0.2765625 0.5766016713091922 0.078125 0.12256267409470752
5 0.4109375 0.8440111420612814 0.1140625 0.15877437325905291
5 0.7125 0.9108635097493036 0.109375 0.15877437325905291
5 0.821875 0.49025069637883006 0.11875 0.1615598885793872
1 0.8625 0.19220055710306408 0.13125 0.24512534818941503
1 0.45625 0.5738161559888579 0.0921875 0.25348189415041783
1 0.765625 0.6796657381615598 0.0890625 0.22284122562674094