0 0.2671875 0.5362997658079626 0.06875 0.10070257611241218
0 0.0765625 0.5456674473067916 0.0515625 0.08899297423887588
3 0.4359375 0.21779859484777517 0.0859375 0.27400468384074944
3 0.884375 0.5011709601873536 0.0875 0.405152224824356
3 0.3328125 0.6744730679156908 0.08125 0.18266978922716628
3 0.946875 0.16627634660421545 0.0875 0.22950819672131148
5 0.79375 0.14285714285714285 0.0578125 0.10304449648711944
5 0.2484375 0.1288056206088993 0.0984375 0.09601873536299765
5 0.628125 0.3372365339578454 0.1140625 0.09601873536299765
5 0.18125 0.6159250585480094 0.06875 0.0585480093676815
1 0.6765625 0.6463700234192038 0.1171875 0.12177985948477751
1 0.840625 0.2903981264637002 0.0484375 0.07962529274004684
1 0.3 0.30210772833723654 0.0796875 0.07494145199063232
1 0.2140625 0.7447306791569087 0.053125 0.04918032786885246
2 0.4796875 0.477751756440281 0.153125 0.117096018735363
2 0.14375 0.26697892271662765 0.071875 0.06557377049180328
2 0.103125 0.711943793911007 0.078125 0.07259953161592506