3 0.115625 0.7592997811816192 0.16875 0.31947483588621445
3 0.496875 0.32603938730853393 0.0859375 0.24507658643326038
3 0.325 0.20568927789934355 0.0828125 0.19912472647702406
3 0.5203125 0.08096280087527352 0.0890625 0.16192560175054704
3 0.4421875 0.3085339168490153 0.109375 0.2647702407002188
5 0.31875 0.5448577680525164 0.0984375 0.087527352297593
5 0.6625 0.20787746170678337 0.1203125 0.09846827133479212
1 0.3328125 0.7899343544857768 0.1125 0.0962800875273523
1 0.659375 0.15098468271334792 0.0703125 0.07658643326039387
1 0.6390625 0.4310722100656455 0.0578125 0.0962800875273523
0 0.8671875 0.15098468271334792 0.0640625 0.0962800875273523
0 0.596875 0.612691466083151 0.0640625 0.13566739606126915
0 0.246875 0.43544857768052514 0.0640625 0.09190371991247265
0 0.2484375 0.5864332603938731 0.059375 0.08971553610503283
0 0.9078125 0.36542669584245074 0.053125 0.11159737417943107
2 0.8 0.31947483588621445 0.1 0.10940919037199125
2 0.4515625 0.6411378555798687 0.1328125 0.08096280087527352
2 0.1546875 0.43982494529540483 0.1328125 0.11159737417943107
2 0.125 0.5733041575492341 0.1203125 0.06564551422319474
5 0.05625 0.3085339168490153 0.08125 0.0962800875273523