0 0.9125 0.6854460093896714 0.125 0.1807511737089202
0 0.93125 0.2347417840375587 0.0890625 0.08450704225352113
2 0.7328125 0.24178403755868544 0.1953125 0.18309859154929578
2 0.7234375 0.744131455399061 0.16875 0.12206572769953052
5 0.5671875 0.5234741784037559 0.1859375 0.1784037558685446
5 0.58828125 0.05985915492957746 0.1703125 0.11971830985915492
4 0.55625 0.392018779342723 0.128125 0.1431924882629108
4 0.54375 0.9154929577464789 0.1328125 0.13615023474178403
1 0.3515625 0.8169014084507042 0.2640625 0.2300469483568075
1 0.4109375 0.3615023474178404 0.2578125 0.2347417840375587
3 0.1171875 0.6455399061032864 0.23125 0.38497652582159625
3 0.15625 0.2136150234741784 0.23125 0.4131455399061033