0 0.5421875 0.24324324324324326 0.0640625 0.11711711711711711
0 0.50625 0.4624624624624625 0.0421875 0.10510510510510511
5 0.278125 0.3333333333333333 0.14375 0.2072072072072072
5 0.746875 0.5075075075075075 0.084375 0.16816816816816818
3 0.178125 0.6696696696696697 0.2875 0.5645645645645646
3 0.884375 0.7477477477477478 0.178125 0.3123123123123123
1 0.7 0.7147147147147147 0.084375 0.15915915915915915
1 0.3546875 0.4864864864864865 0.075 0.13513513513513514
4 0.4125 0.5105105105105106 0.0640625 0.16216216216216217
4 0.653125 0.6636636636636637 0.04375 0.09009009009009009
2 0.415625 0.35435435435435436 0.1 0.14414414414414414
2 0.6015625 0.5465465465465466 0.0671875 0.12012012012012012