5 0.86875 0.7680798004987531 0.2484375 0.4613466334164589
5 0.46875 0.7630922693266833 0.13125 0.46633416458852867
5 0.1546875 0.5586034912718204 0.3078125 0.29177057356608477
2 0.8859375 0.486284289276808 0.06875 0.1172069825436409
2 0.71875 0.428927680798005 0.096875 0.11221945137157108
2 0.4828125 0.33665835411471323 0.1203125 0.12718204488778054
2 0.2671875 0.24688279301745636 0.096875 0.12219451371571072
4 0.1703125 0.42144638403990026 0.0796875 0.10473815461346633
4 0.3859375 0.5586034912718204 0.0796875 0.10972568578553615
4 0.6703125 0.6384039900249376 0.0921875 0.09476309226932668
0 0.4359375 0.1396508728179551 0.0859375 0.11970074812967581
0 0.675 0.26683291770573564 0.090625 0.11221945137157108
0 0.8625 0.27680798004987534 0.109375 0.12468827930174564