0 0.3625 0.5887850467289719 0.06875 0.0794392523364486
3 0.625 0.4742990654205608 0.171875 0.17990654205607476
3 0.42734375 0.04205607476635514 0.1640625 0.08411214953271028
5 0.3078125 0.1985981308411215 0.1640625 0.26635514018691586
5 0.50625 0.6565420560747663 0.153125 0.3014018691588785
1 0.6921875 0.6261682242990654 0.0765625 0.1705607476635514
1 0.475 0.14485981308411214 0.06875 0.19626168224299065
2 0.3859375 0.37850467289719625 0.1125 0.14018691588785046
2 0.5796875 0.8411214953271028 0.10625 0.15654205607476634
4 0.6875 0.8107476635514018 0.134375 0.24766355140186916
4 0.4578125 0.36682242990654207 0.0734375 0.16121495327102803