0 0.0796875 0.4918032786885246 0.096875 0.15690866510538642
0 0.4421875 0.3044496487119438 0.078125 0.13114754098360656
5 0.4359375 0.531615925058548 0.1375 0.22950819672131148
5 0.6765625 0.32084309133489464 0.1 0.17096018735362997
3 0.74375 0.5269320843091335 0.1390625 0.22716627634660422
3 0.9140625 0.3629976580796253 0.165625 0.3044496487119438
3 0.5453125 0.8360655737704918 0.20625 0.28805620608899296
2 0.2453125 0.6885245901639344 0.1109375 0.11943793911007025
2 0.5734375 0.4238875878220141 0.0859375 0.09836065573770492
4 0.24296875 0.8840749414519906 0.1265625 0.23185011709601874
4 0.5671875 0.5573770491803278 0.0640625 0.15690866510538642
1 0.3359375 0.8548009367681498 0.096875 0.15690866510538642