0 0.0609375 0.3309002433090024 0.05 0.11678832116788321
0 0.184375 0.878345498783455 0.0671875 0.07785888077858881
3 0.6796875 0.30413625304136255 0.1453125 0.40389294403892945
3 0.88125 0.18004866180048662 0.1734375 0.30413625304136255
3 0.8703125 0.5936739659367397 0.1796875 0.40145985401459855
5 0.4375 0.17518248175182483 0.2125 0.17761557177615572
5 0.59375 0.5158150851581509 0.2390625 0.145985401459854
2 0.2828125 0.29683698296836986 0.1203125 0.10218978102189781
2 0.346875 0.7566909975669099 0.1109375 0.08029197080291971
4 0.46875 0.8759124087591241 0.103125 0.1070559610705596
4 0.31875 0.44525547445255476 0.1109375 0.1362530413625304
1 0.4953125 0.4233576642335766 0.096875 0.1630170316301703
1 0.6828125 0.7688564476885644 0.1421875 0.1873479318734793