0 0.7421875 0.9695863746958637 0.05 0.06082725060827251
3 0.37421875 0.22019464720194648 0.259375 0.22627737226277372
3 0.56015625 0.031630170316301706 0.2578125 0.06326034063260341
5 0.29140625 0.597323600973236 0.1140625 0.3309002433090024
5 0.51015625 0.354014598540146 0.09375 0.3722627737226277
2 0.36953125 0.8381995133819952 0.065625 0.1873479318734793
2 0.66484375 0.7384428223844283 0.0515625 0.17274939172749393
4 0.74140625 0.5486618004866181 0.06875 0.16058394160583941
4 0.46484375 0.7822384428223844 0.0875 0.17274939172749393
1 0.45078125 0.5072992700729927 0.1046875 0.15085158150851583
1 0.67265625 0.21532846715328466 0.1203125 0.22141119221411193