3 0.46875 0.7824267782426778 0.11875 0.2112970711297071
5 0.6640625 0.8807531380753139 0.1171875 0.10251046025104603
5 0.3453125 0.6317991631799164 0.146875 0.24476987447698745
3 0.625 0.803347280334728 0.09375 0.100418410041841
2 0.4328125 0.5083682008368201 0.1578125 0.13598326359832635
2 0.79375 0.803347280334728 0.0609375 0.12552301255230125
4 0.7578125 0.7133891213389121 0.0796875 0.08158995815899582
4 0.4421875 0.4476987447698745 0.06875 0.08158995815899582
1 0.4515625 0.6129707112970711 0.065625 0.13389121338912133
0 0.3296875 0.3577405857740586 0.0859375 0.0899581589958159
0 0.7578125 0.7573221757322176 0.065625 0.07322175732217573