0 0.3 0.4405010438413361 0.0578125 0.09603340292275574
0 0.290625 0.31941544885177453 0.0328125 0.054279749478079335
5 0.5140625 0.3778705636743215 0.2203125 0.17745302713987474
3 0.675 0.5448851774530271 0.1375 0.17954070981210857
1 0.5453125 0.5594989561586639 0.1203125 0.11064718162839249
2 0.415625 0.48851774530271397 0.1109375 0.12943632567849686
4 0.4125 0.5824634655532359 0.09375 0.12734864300626306
3 0.40625 0.2755741127348643 0.0578125 0.08977035490605428
5 0.3296875 0.23382045929018788 0.1109375 0.06680584551148225
2 0.80625 0.2881002087682672 0.065625 0.07933194154488518
2 0.91875 0.29436325678496866 0.0625 0.14613778705636743
0 0.8578125 0.3048016701461378 0.040625 0.03549060542797495