0 0.465625 0.015418502202643172 0.1125 0.030837004405286344
0 0.61875 0.20044052863436124 0.075 0.13215859030837004
2 0.38125 0.2753303964757709 0.103125 0.20484581497797358
5 0.578125 0.4977973568281938 0.1265625 0.2026431718061674
5 0.684375 0.6145374449339207 0.075 0.14096916299559473
3 0.56953125 0.9240088105726872 0.2578125 0.15198237885462554
3 0.4390625 0.9162995594713657 0.3625 0.16740088105726872
1 0.546875 0.7841409691629956 0.0671875 0.11233480176211454
1 0.3921875 0.7665198237885462 0.0734375 0.11233480176211454
4 0.353125 0.5374449339207048 0.115625 0.14317180616740088
4 0.5359375 0.6057268722466961 0.065625 0.09911894273127753