0 0.4015625 0.8211009174311926 0.075 0.07110091743119266
0 0.5203125 0.22935779816513763 0.059375 0.05504587155963303
0 0.60625 0.5412844036697247 0.0578125 0.06651376146788991
0 0.58125 0.6720183486238532 0.0671875 0.05045871559633028
3 0.3828125 0.6192660550458715 0.175 0.19495412844036697
3 0.40625 0.75 0.146875 0.13761467889908258
5 0.315625 0.2958715596330275 0.1015625 0.4036697247706422
5 0.50625 0.8967889908256881 0.065625 0.20642201834862386
4 0.5140625 0.12844036697247707 0.084375 0.1720183486238532
4 0.603125 0.04243119266055046 0.04375 0.08486238532110092
4 0.66875 0.8325688073394495 0.0609375 0.13302752293577982
4 0.675 0.7110091743119266 0.0578125 0.13073394495412843
1 0.50625 0.5963302752293578 0.115625 0.17660550458715596
1 0.60859375 0.9529816513761468 0.0890625 0.09403669724770643
1 0.446875 0.3853211009174312 0.0984375 0.22935779816513763
1 0.56875 0.2018348623853211 0.05625 0.1444954128440367