0 0.35 0.39906103286384975 0.05625 0.11737089201877934
5 0.6671875 0.20187793427230047 0.1890625 0.3873239436619718
4 0.478125 0.7793427230046949 0.1515625 0.43427230046948356
2 0.4921875 0.5046948356807511 0.1015625 0.12910798122065728
1 0.5484375 0.7535211267605634 0.159375 0.4671361502347418
3 0.6734375 0.5164319248826291 0.096875 0.37089201877934275
3 0.1265625 0.5610328638497653 0.1703125 0.27699530516431925
5 0.1171875 0.3192488262910798 0.228125 0.22769953051643194
5 0.8796875 0.25821596244131456 0.2203125 0.2793427230046948
3 0.9234375 0.44835680751173707 0.15 0.28169014084507044
0 0.7296875 0.687793427230047 0.046875 0.11502347417840375
4 0.82578125 0.9096244131455399 0.0828125 0.1807511737089202