5 0.7140625 0.20843091334894615 0.13125 0.4168618266978923
1 0.51796875 0.06791569086651054 0.1296875 0.1358313817330211
4 0.47265625 0.22365339578454332 0.1 0.22482435597189696
2 0.54921875 0.42271662763466045 0.1828125 0.17096018735362997
0 0.50078125 0.6147540983606558 0.071875 0.18032786885245902
5 0.3109375 0.18618266978922718 0.10625 0.37236533957845436
3 0.34296875 0.5257611241217799 0.1359375 0.1756440281030445
5 0.39921875 0.724824355971897 0.09375 0.34192037470725994
1 0.27890625 0.6124121779859485 0.0875 0.18969555035128804
4 0.23203125 0.788056206088993 0.05 0.1358313817330211
2 0.59765625 0.8946135831381733 0.1171875 0.2107728337236534