0 0.1140625 0.20657276995305165 0.0828125 0.09389671361502347
0 0.678125 0.5868544600938967 0.0671875 0.11737089201877934
0 0.9625 0.2676056338028169 0.0734375 0.13145539906103287
0 0.84375 0.49061032863849763 0.065625 0.09624413145539906
3 0.6578125 0.23943661971830985 0.175 0.3075117370892019
5 0.403125 0.06572769953051644 0.146875 0.107981220657277
5 0.4015625 0.4272300469483568 0.090625 0.13849765258215962
2 0.240625 0.29577464788732394 0.0875 0.09859154929577464
2 0.5015625 0.7089201877934272 0.13125 0.15258215962441316
4 0.434375 0.7629107981220657 0.065625 0.12206572769953052
4 0.38125 0.3145539906103286 0.090625 0.07981220657276995
1 0.4984375 0.323943661971831 0.11875 0.1784037558685446
2 0.91875 0.39436619718309857 0.084375 0.12910798122065728