0 0.25625 0.030413625304136254 0.05 0.06082725060827251
3 0.62578125 0.7798053527980535 0.259375 0.22627737226277372
3 0.43984375 0.9683698296836983 0.2578125 0.06326034063260341
5 0.70859375 0.402676399026764 0.1140625 0.3309002433090024
5 0.48984375 0.6459854014598541 0.09375 0.3722627737226277
2 0.63046875 0.16180048661800486 0.065625 0.1873479318734793
2 0.33515625 0.2615571776155718 0.0515625 0.17274939172749393
4 0.25859375 0.451338199513382 0.06875 0.16058394160583941
4 0.53515625 0.21776155717761558 0.0875 0.17274939172749393
1 0.54921875 0.4927007299270073 0.1046875 0.15085158150851583
1 0.32734375 0.7846715328467153 0.1203125 0.22141119221411193