0 0.23515625 0.9664310954063604 0.0953125 0.06713780918727916
0 0.42734375 0.9681978798586572 0.0890625 0.0636042402826855
0 0.7109375 0.9637809187279152 0.08125 0.07243816254416961
3 0.2578125 0.15547703180212014 0.184375 0.20848056537102475
3 0.5484375 0.2508833922261484 0.1890625 0.18021201413427562
3 0.740625 0.26148409893992935 0.146875 0.1625441696113074
5 0.15625 0.44346289752650175 0.1015625 0.33568904593639576
5 0.4234375 0.5159010600706714 0.06875 0.2862190812720848
5 0.665625 0.5371024734982333 0.084375 0.303886925795053
2 0.196875 0.7455830388692579 0.078125 0.12014134275618374
2 0.4796875 0.7544169611307421 0.075 0.1431095406360424
2 0.7203125 0.7720848056537103 0.078125 0.1254416961130742
4 0.81875 0.7190812720848057 0.0890625 0.1254416961130742
4 0.5609375 0.7226148409893993 0.0953125 0.10954063604240283
4 0.353125 0.6590106007067138 0.128125 0.12014134275618374
1 0.29375 0.39752650176678445 0.084375 0.13780918727915195
1 0.5515625 0.4717314487632509 0.06875 0.12367491166077739
1 0.78125 0.48939929328621906 0.0703125 0.12367491166077739