3 0.6671875 0.6486486486486487 0.1609375 0.23513513513513515
3 0.590625 0.581081081081081 0.165625 0.17297297297297298
5 0.3015625 0.9054054054054054 0.1 0.1891891891891892
5 0.46875 0.46216216216216216 0.09375 0.37567567567567567
5 0.5734375 0.8 0.0828125 0.32972972972972975
1 0.734375 0.8189189189189189 0.090625 0.34324324324324323
1 0.478125 0.8243243243243243 0.128125 0.35135135135135137
1 0.640625 0.3837837837837838 0.1265625 0.34864864864864864
0 0.3109375 0.327027027027027 0.078125 0.14594594594594595
2 0.3515625 0.572972972972973 0.11875 0.1783783783783784
2 0.528125 0.14324324324324325 0.109375 0.17297297297297298