0 0.0765625 0.20141342756183744 0.0796875 0.10777385159010601
0 0.0765625 0.41872791519434627 0.0734375 0.10070671378091872
0 0.084375 0.7385159010600707 0.0734375 0.09187279151943463
3 0.8046875 0.22614840989399293 0.184375 0.20848056537102475
3 0.7203125 0.5547703180212014 0.159375 0.2137809187279152
3 0.7109375 0.7720848056537103 0.14375 0.16607773851590105
5 0.55 0.11130742049469965 0.296875 0.11484098939929328
5 0.4859375 0.4134275618374558 0.253125 0.07773851590106007
5 0.4671875 0.6872791519434629 0.26875 0.09540636042402827
2 0.2828125 0.15724381625441697 0.10625 0.08833922261484099
2 0.275 0.47703180212014135 0.1265625 0.08480565371024736
2 0.259375 0.7491166077738516 0.1109375 0.08833922261484099
4 0.30625 0.8604240282685512 0.1109375 0.10070671378091872
4 0.303125 0.568904593639576 0.096875 0.10777385159010601
4 0.359375 0.3339222614840989 0.10625 0.14487632508833923
1 0.590625 0.2667844522968198 0.121875 0.09540636042402827
1 0.525 0.558303886925795 0.109375 0.07773851590106007
1 0.509375 0.8180212014134276 0.109375 0.07950530035335689