3 0.8734375 0.6351351351351351 0.171875 0.2945945945945946
3 0.5859375 0.21081081081081082 0.1359375 0.27837837837837837
3 0.546875 0.34324324324324323 0.1 0.2864864864864865
5 0.7875 0.8432432432432433 0.215625 0.17297297297297298
5 0.478125 0.5540540540540541 0.2171875 0.16216216216216217
5 0.6734375 0.372972972972973 0.190625 0.14324324324324325
1 0.684375 0.0945945945945946 0.1984375 0.15675675675675677
1 0.721875 0.5378378378378378 0.271875 0.22162162162162163
1 0.4328125 0.25675675675675674 0.2015625 0.21891891891891893
0 0.4 0.827027027027027 0.084375 0.13513513513513514
0 0.15 0.6135135135135135 0.1171875 0.2
2 0.8921875 0.24594594594594596 0.1078125 0.17297297297297298
2 0.5421875 0.7567567567567568 0.103125 0.20540540540540542
2 0.29375 0.45135135135135135 0.1 0.1891891891891892
3 0.1640625 0.8918918918918919 0.096875 0.21351351351351353