3 0.684375 0.5679287305122495 0.178125 0.23162583518930957
5 0.5171875 0.8062360801781737 0.3453125 0.23162583518930957
1 0.475 0.5567928730512249 0.215625 0.08463251670378619
2 0.434375 0.6592427616926503 0.146875 0.1514476614699332
0 0.309375 0.7505567928730512 0.1296875 0.08240534521158129
3 0.61875 0.1091314031180401 0.19375 0.21603563474387527
5 0.5046875 0.3518930957683742 0.20625 0.2182628062360802
1 0.4078125 0.17817371937639198 0.315625 0.15812917594654788
2 0.384375 0.33184855233853006 0.1328125 0.2071269487750557
2 0.2046875 0.31403118040089084 0.065625 0.09799554565701558
0 0.2078125 0.46325167037861914 0.1328125 0.12249443207126949