3 0.44140625 0.09178082191780822 0.1609375 0.18356164383561643
3 0.32421875 0.5465753424657535 0.115625 0.18356164383561643
2 0.52578125 0.38767123287671235 0.1390625 0.2191780821917808
2 0.26015625 0.8232876712328767 0.0578125 0.1095890410958904
2 0.66484375 0.5712328767123288 0.09375 0.1917808219178082
5 0.61484375 0.2452054794520548 0.1875 0.3589041095890411
5 0.38359375 0.7575342465753425 0.0640625 0.27123287671232876
0 0.57578125 0.6342465753424658 0.0671875 0.136986301369863
0 0.2734375 0.9863013698630136 0.046875 0.0273972602739726
3 0.71484375 0.7493150684931507 0.0828125 0.0821917808219178
5 0.75390625 0.8753424657534247 0.0609375 0.2273972602739726
2 0.66015625 0.8890410958904109 0.0578125 0.13150684931506848