3 0.703125 0.10392156862745099 0.171875 0.14901960784313725
3 0.440625 0.07156862745098039 0.1625 0.14313725490196078
3 0.340625 0.16862745098039217 0.1703125 0.12156862745098039
3 0.20625 0.3333333333333333 0.2078125 0.1803921568627451
3 0.7875 0.7019607843137254 0.221875 0.22156862745098038
0 0.553125 0.5901960784313726 0.096875 0.08627450980392157
0 0.66875 0.6352941176470588 0.06875 0.09803921568627451
0 0.39375 0.6235294117647059 0.0828125 0.09411764705882353
0 0.378125 0.9196078431372549 0.0703125 0.10196078431372549
0 0.23671875 0.9892156862745098 0.1140625 0.021568627450980392
5 0.2375 0.1803921568627451 0.078125 0.13529411764705881
5 0.31875 0.6235294117647059 0.0890625 0.17647058823529413
5 0.4453125 0.34901960784313724 0.06875 0.12745098039215685
5 0.5578125 0.30196078431372547 0.0640625 0.13725490196078433
5 0.815625 0.37254901960784315 0.103125 0.1568627450980392
1 0.69375 0.2372549019607843 0.075 0.10196078431372549
1 0.7359375 0.8470588235294118 0.078125 0.12549019607843137
1 0.175 0.5019607843137255 0.071875 0.11176470588235295
1 0.3140625 0.2823529411764706 0.0515625 0.06470588235294118
1 0.4375 0.19411764705882353 0.06875 0.08823529411764706
2 0.7 0.48823529411764705 0.071875 0.11764705882352941
2 0.50625 0.4392156862745098 0.0953125 0.11176470588235295
2 0.384375 0.7333333333333333 0.0640625 0.13529411764705881
2 0.2015625 0.8313725490196079 0.08125 0.13725490196078433
4 0.1625 0.6803921568627451 0.05 0.1450980392156863
1 0.3578125 0.4568627450980392 0.0640625 0.11176470588235295