0 0.54375 0.9671772428884027 0.109375 0.06564551422319474
0 0.27421875 0.6925601750547046 0.078125 0.12253829321663019
5 0.52109375 0.5459518599562363 0.2359375 0.45076586433260396
5 0.28046875 0.2833698030634573 0.1734375 0.36323851203501095
3 0.40625 0.09190371991247265 0.165625 0.1838074398249453
3 0.71015625 0.2964989059080963 0.1921875 0.24288840262582057
2 0.62734375 0.7560175054704595 0.1109375 0.15317286652078774
2 0.34765625 0.4934354485776805 0.0828125 0.16411378555798686
4 0.75546875 0.7407002188183808 0.1265625 0.15536105032822758
1 0.75859375 0.5525164113785558 0.1203125 0.3676148796498906
4 0.42734375 0.486870897155361 0.0890625 0.10284463894967177
1 0.45078125 0.30306345733041573 0.1265625 0.3063457330415755