3 0.0875 0.3770833333333333 0.175 0.38333333333333336
3 0.7078125 0.6895833333333333 0.2 0.4
1 0.8640625 0.8625 0.165625 0.15
5 0.9078125 0.6770833333333334 0.1828125 0.1125
1 0.09375 0.6520833333333333 0.1140625 0.10416666666666667
1 0.2171875 0.475 0.1546875 0.11041666666666666
4 0.40625 0.5229166666666667 0.15 0.0875
4 0.2453125 0.74375 0.1203125 0.09583333333333334
2 0.265625 0.6666666666666666 0.115625 0.09791666666666667
2 0.428125 0.4166666666666667 0.1265625 0.13541666666666666
5 0.3015625 0.29791666666666666 0.325 0.12708333333333333
0 0.4109375 0.6958333333333333 0.0953125 0.1
0 0.6 0.44375 0.084375 0.12916666666666668
0 0.275 0.18333333333333332 0.0609375 0.08125
3 0.0515625 0.06458333333333334 0.103125 0.12708333333333333
3 0.3515625 0.17708333333333334 0.08125 0.1375
3 0.5953125 0.1875 0.078125 0.10833333333333334
0 0.8140625 0.26458333333333334 0.053125 0.08333333333333333