3 0.3640625 0.5384615384615384 0.1375 0.17884615384615385
3 0.6078125 0.3153846153846154 0.1359375 0.16923076923076924
3 0.3015625 0.6942307692307692 0.090625 0.17115384615384616
5 0.39375 0.41346153846153844 0.1625 0.10192307692307692
0 0.5734375 0.40192307692307694 0.071875 0.1
0 0.8640625 0.17884615384615385 0.090625 0.07692307692307693
0 0.1578125 0.6538461538461539 0.0703125 0.1076923076923077
0 0.4765625 0.5269230769230769 0.053125 0.08846153846153847
0 0.2703125 0.725 0.065625 0.09615384615384616
5 0.659375 0.18269230769230768 0.196875 0.10961538461538461
5 0.3328125 0.5711538461538461 0.1453125 0.10961538461538461
1 0.7 0.36346153846153845 0.1453125 0.16346153846153846
1 0.4703125 0.5288461538461539 0.0765625 0.12692307692307692
1 0.3796875 0.6807692307692308 0.1078125 0.17115384615384616