0 0.678125 0.47075208913649025 0.1375 0.362116991643454
0 0.5546875 0.3565459610027855 0.075 0.1894150417827298
0 0.3375 0.4568245125348189 0.140625 0.20334261838440112
0 0.4265625 0.3008356545961003 0.1078125 0.1392757660167131
0 0.9359375 0.6072423398328691 0.06875 0.11420612813370473
0 0.865625 0.2785515320334262 0.0703125 0.17270194986072424
0 0.16875 0.5431754874651811 0.09375 0.20055710306406685
0 0.09375 0.7632311977715878 0.090625 0.11420612813370473
0 0.15625 0.9415041782729805 0.078125 0.10584958217270195
0 0.4875 0.7409470752089137 0.1 0.10027855153203342
0 0.2765625 0.2200557103064067 0.0875 0.10306406685236769
0 0.2046875 0.2116991643454039 0.0828125 0.12256267409470752
0 0.0453125 0.19220055710306408 0.0890625 0.2618384401114206
0 0.0375 0.9415041782729805 0.071875 0.11420612813370473
0 0.0484375 0.5069637883008357 0.0546875 0.1615598885793872