0 0.321875 0.5292479108635098 0.1375 0.362116991643454
0 0.4453125 0.6434540389972145 0.075 0.1894150417827298
0 0.6625 0.5431754874651811 0.140625 0.20334261838440112
0 0.5734375 0.6991643454038997 0.1078125 0.1392757660167131
0 0.0640625 0.39275766016713093 0.06875 0.11420612813370473
0 0.134375 0.7214484679665738 0.0703125 0.17270194986072424
0 0.83125 0.4568245125348189 0.09375 0.20055710306406685
0 0.90625 0.23676880222841226 0.090625 0.11420612813370473
0 0.84375 0.0584958217270195 0.078125 0.10584958217270195
0 0.5125 0.2590529247910863 0.1 0.10027855153203342
0 0.7234375 0.7799442896935933 0.0875 0.10306406685236769
0 0.7953125 0.7883008356545961 0.0828125 0.12256267409470752
0 0.9546875 0.807799442896936 0.0890625 0.2618384401114206
0 0.9625 0.0584958217270195 0.071875 0.11420612813370473
0 0.9515625 0.49303621169916434 0.0546875 0.1615598885793872