3 0.6359375 0.46153846153846156 0.1375 0.17884615384615385
3 0.3921875 0.6846153846153846 0.1359375 0.16923076923076924
3 0.6984375 0.3057692307692308 0.090625 0.17115384615384616
5 0.60625 0.5865384615384616 0.1625 0.10192307692307692
0 0.4265625 0.5980769230769231 0.071875 0.1
0 0.1359375 0.8211538461538461 0.090625 0.07692307692307693
0 0.8421875 0.34615384615384615 0.0703125 0.1076923076923077
0 0.5234375 0.47307692307692306 0.053125 0.08846153846153847
0 0.7296875 0.275 0.065625 0.09615384615384616
5 0.340625 0.8173076923076923 0.196875 0.10961538461538461
5 0.6671875 0.4288461538461538 0.1453125 0.10961538461538461
1 0.3 0.6365384615384615 0.1453125 0.16346153846153846
1 0.5296875 0.47115384615384615 0.0765625 0.12692307692307692
1 0.6203125 0.3192307692307692 0.1078125 0.17115384615384616