3 0.925 0.45539906103286387 0.1453125 0.2652582159624413
3 0.446875 0.28169014084507044 0.115625 0.19248826291079812
5 0.7953125 0.7488262910798122 0.2109375 0.392018779342723
5 0.2984375 0.49765258215962443 0.2046875 0.25821596244131456
2 0.7203125 0.6572769953051644 0.10625 0.14788732394366197
2 0.2234375 0.3755868544600939 0.0921875 0.1643192488262911
1 0.753125 0.43427230046948356 0.15625 0.11971830985915492
1 0.3109375 0.2323943661971831 0.115625 0.11502347417840375
4 0.6109375 0.49295774647887325 0.128125 0.19014084507042253
4 0.1953125 0.2793427230046948 0.1140625 0.13615023474178403
0 0.578125 0.7981220657276995 0.1109375 0.11032863849765258
0 0.0734375 0.43896713615023475 0.0765625 0.11737089201877934