3 0.925 0.5527522935779816 0.128125 0.25229357798165136
3 0.1390625 0.20412844036697247 0.1921875 0.3073394495412844
5 0.3609375 0.5114678899082569 0.3109375 0.3119266055045872
5 0.815625 0.7775229357798165 0.1859375 0.21100917431192662
0 0.665625 0.39908256880733944 0.0984375 0.1651376146788991
0 0.6015625 0.7958715596330275 0.0640625 0.11467889908256881
2 0.7015625 0.7339449541284404 0.0703125 0.19954128440366972
2 0.4640625 0.3119266055045872 0.175 0.17889908256880735
1 0.3265625 0.17889908256880735 0.1359375 0.14220183486238533
1 0.809375 0.5756880733944955 0.125 0.11697247706422019
4 0.678125 0.5986238532110092 0.0859375 0.12155963302752294
4 0.5078125 0.16972477064220184 0.159375 0.1743119266055046