0 0.7078125 0.43829787234042555 0.071875 0.09148936170212765
5 0.2390625 0.4702127659574468 0.2125 0.7191489361702128
5 0.59453125 0.9074468085106383 0.1078125 0.1851063829787234
5 0.60703125 0.16276595744680852 0.1203125 0.32553191489361705
3 0.39296875 0.043617021276595745 0.3078125 0.08723404255319149
3 0.6484375 0.7595744680851064 0.121875 0.1276595744680851
2 0.4296875 0.5851063829787234 0.13125 0.4765957446808511
2 0.65859375 0.9553191489361702 0.0609375 0.08936170212765958
2 0.7046875 0.2276595744680851 0.0671875 0.1851063829787234
4 0.715625 0.9712765957446808 0.075 0.0574468085106383
4 0.7828125 0.23191489361702128 0.109375 0.13829787234042554
4 0.5671875 0.6787234042553192 0.1453125 0.1723404255319149
1 0.5015625 0.26170212765957446 0.1203125 0.3659574468085106
1 0.75546875 0.07021276595744681 0.0796875 0.14042553191489363
1 0.7 0.8702127659574468 0.0765625 0.15319148936170213