2 0.88125 0.346875 0.121875 0.16875
2 0.675 0.309375 0.15 0.159375
2 0.4546875 0.334375 0.11875 0.1796875
2 0.321875 0.303125 0.1046875 0.1890625
2 0.121875 0.3296875 0.11875 0.16875
1 0.2015625 0.625 0.0765625 0.375
5 0.8015625 0.5578125 0.0625 0.534375
5 0.546875 0.5578125 0.0765625 0.4890625
1 0.425 0.625 0.0796875 0.35
0 0.8015625 0.0578125 0.13125 0.059375
0 0.4828125 0.0875 0.0890625 0.11875
0 0.215625 0.0640625 0.13125 0.0765625
3 0.8125 0.884375 0.14375 0.2046875
3 0.5 0.8765625 0.1796875 0.23125
3 0.196875 0.8875 0.1046875 0.19375