0 0.38828125 0.944206008583691 0.1015625 0.11158798283261803
0 0.6171875 0.8819742489270386 0.0875 0.11373390557939914
5 0.2859375 0.4291845493562232 0.1453125 0.3562231759656652
5 0.50625 0.3240343347639485 0.1375 0.2832618025751073
3 0.384375 0.19098712446351931 0.221875 0.2575107296137339
3 0.61328125 0.07081545064377683 0.2984375 0.14163090128755365
2 0.403125 0.703862660944206 0.1265625 0.20386266094420602
2 0.640625 0.5879828326180258 0.1140625 0.2296137339055794
4 0.728125 0.4678111587982833 0.09375 0.14377682403433475
4 0.4703125 0.5407725321888412 0.0671875 0.19313304721030042
1 0.4390625 0.4656652360515021 0.0546875 0.17167381974248927
1 0.7109375 0.2982832618025751 0.1265625 0.20386266094420602