0 0.6750418760469011 0.153125 0.10050251256281408 0.0953125
0 0.3936348408710218 0.54375 0.07705192629815745 0.0546875
0 0.5912897822445561 0.878125 0.04355108877721943 0.05625
3 0.1423785594639866 0.8265625 0.1440536013400335 0.1421875
3 0.11725293132328309 0.2125 0.17252931323283083 0.2046875
3 0.8174204355108877 0.45 0.1273031825795645 0.16875
5 0.2981574539363484 0.1265625 0.1440536013400335 0.1
5 0.6683417085427136 0.41875 0.10887772194304858 0.1109375
5 0.304857621440536 0.7703125 0.10552763819095477 0.0875
2 0.47906197654941374 0.221875 0.10887772194304858 0.1140625
2 0.5628140703517588 0.5578125 0.09212730318257957 0.125
1 0.26800670016750416 0.859375 0.09380234505862646 0.0671875
1 0.7068676716917923 0.4953125 0.08877721943048576 0.0875
1 0.2780569514237856 0.2375 0.11892797319932999 0.103125
4 0.3869346733668342 0.209375 0.09212730318257957 0.075
4 0.6398659966499163 0.5109375 0.07705192629815745 0.078125
4 0.3601340033500838 0.871875 0.06700167504187604 0.071875
2 0.45896147403685095 0.8859375 0.08040201005025126 0.071875