0 0.1258426966292135 0.4875 0.060674157303370786 0.065625
0 0.5280898876404494 0.4046875 0.06741573033707865 0.046875
0 0.4067415730337079 0.684375 0.05393258426966292 0.0421875
0 0.8651685393258427 0.5734375 0.04943820224719101 0.0515625
5 0.3775280898876405 0.4390625 0.1101123595505618 0.0875
5 0.6629213483146067 0.36875 0.08314606741573034 0.059375
5 0.5752808988764045 0.64375 0.07191011235955057 0.0625
3 0.25842696629213485 0.6578125 0.0898876404494382 0.115625
3 0.4853932584269663 0.5296875 0.12134831460674157 0.128125
3 0.7528089887640449 0.4421875 0.10561797752808989 0.115625
3 0.6584269662921348 0.578125 0.07415730337078652 0.0859375
2 0.2808988764044944 0.5203125 0.0853932584269663 0.05625
2 0.6247191011235955 0.440625 0.07865168539325842 0.0390625
4 0.30112359550561796 0.565625 0.07191011235955057 0.05
1 0.3685393258426966 0.565625 0.0696629213483146 0.065625
3 0.2876404494382023 0.846875 0.09213483146067415 0.10625
3 0.6584269662921348 0.70625 0.07640449438202247 0.0953125
5 0.7325842696629213 0.5375 0.09887640449438202 0.0515625
5 0.18202247191011237 0.7921875 0.07415730337078652 0.0515625
4 0.7662921348314606 0.628125 0.07415730337078652 0.059375
4 0.8831460674157303 0.634375 0.06741573033707865 0.05
4 0.5303370786516854 0.746875 0.051685393258426963 0.046875