0 0.434375 0.5307262569832403 0.0890625 0.11173184357541899
0 0.3640625 0.18156424581005587 0.0625 0.09217877094972067
3 0.5179315484375 0.24195264525139662 0.5149553578125 0.30579941620111734 0.5283482140625 0.40955041061452513 0.541741071875 0.5053205642458101 0.6027529765625 0.5239425391061452 0.6340029765625 0.48403830726256986 0.6965029765625 0.39092843854748605 0.7143601187499999 0.3244213882681564 0.6875744046875 0.32708167039106145 0.6473958328125 0.3669859022346369 0.6206101187499999 0.39890928491620115 0.6057291671875 0.388268156424581 0.5744791671875 0.3244213882681564 0.541741071875 0.2658951843575419 0.5179315484375 0.24195264525139662
3 0.38251488125 0.3962490027932961 0.3973958328125 0.37230646368715087 0.398883928125 0.30047885195530727 0.38400297656250004 0.33506251675977655 0.3750744046875 0.3111199804469274 0.35126488125 0.2552540586592179 0.3274553578125 0.21801010893854747 0.3274553578125 0.2552540586592179 0.3334077390625 0.3244213882681564 0.3453125 0.37230646368715087 0.38251488125 0.3962490027932961
5 0.359375 0.8463687150837989 0.1 0.2346368715083799
5 0.3046875 0.5810055865921788 0.071875 0.19273743016759776
5 0.471875 0.8100558659217877 0.11875 0.3100558659217877
4 0.60390625 0.946927374301676 0.1140625 0.10614525139664804
1 0.6125 0.7346368715083799 0.0734375 0.17039106145251395
3 0.4421875 0.5558659217877095 0.1765625 0.20391061452513967
4 0.5953125 0.20949720670391062 0.1171875 0.1564245810055866
1 0.6171875 0.0712290502793296 0.109375 0.1424581005586592
5 0.465625 0.14664804469273743 0.19375 0.29329608938547486