0 0.0734375 0.26931106471816285 0.0828125 0.14613778705636743
0 0.090625 0.7473903966597077 0.1046875 0.20668058455114824
3 0.8125 0.2150313152400835 0.259375 0.37160751565762007
3 0.8453125 0.7118997912317327 0.2546875 0.3674321503131524
5 0.55 0.55741127348643 0.2046875 0.16701461377870563
5 0.5125 0.10020876826722339 0.19375 0.1440501043841336
1 0.58125 0.8496868475991649 0.1578125 0.17118997912317327
1 0.540625 0.35908141962421714 0.1328125 0.11482254697286012
4 0.4640625 0.8810020876826722 0.115625 0.07933194154488518
4 0.45625 0.40292275574112735 0.1390625 0.08350730688935282
2 0.340625 0.24217118997912318 0.159375 0.1649269311064718
2 0.35625 0.7139874739039666 0.159375 0.1649269311064718