3 0.06875 0.32786885245901637 0.1203125 0.3583138173302108
5 0.275 0.17798594847775176 0.340625 0.19672131147540983
1 0.1671875 0.47306791569086654 0.18125 0.19437939110070257
4 0.315625 0.5409836065573771 0.15 0.14988290398126464
2 0.4484375 0.4262295081967213 0.1140625 0.27400468384074944
0 0.5765625 0.49882903981264637 0.1203125 0.10772833723653395
3 0.090625 0.9016393442622951 0.1359375 0.19672131147540983
5 0.2609375 0.7822014051522248 0.3078125 0.1592505854800937
3 0.5171875 0.7353629976580797 0.1171875 0.20374707259953162
5 0.65 0.6510538641686182 0.228125 0.1405152224824356
1 0.575 0.8313817330210773 0.1265625 0.13114754098360656
4 0.6921875 0.9016393442622951 0.090625 0.07494145199063232
0 0.853125 0.8384074941451991 0.0390625 0.117096018735363
2 0.7796875 0.35362997658079626 0.1734375 0.1756440281030445