0 0.06875 0.4720670391061452 0.0703125 0.1871508379888268
0 0.140625 0.2541899441340782 0.05625 0.13128491620111732
0 0.4828125 0.38268156424581007 0.0625 0.15921787709497207
0 0.678125 0.2569832402234637 0.0515625 0.11173184357541899
3 0.5610119046875 0.8512902374301676 0.5982142859375 0.8832136201117318 0.596726190625 0.8353285446927374 0.5744047609375 0.7635009301675977 0.55654761875 0.7156158547486033 0.5625 0.6890130363128492 0.5982142859375 0.6331471145251396 0.63095238125 0.5746209106145251 0.6443452390625 0.5320563994413408 0.6086309515625 0.5267358351955307 0.5505952390625 0.5506783715083798 0.497023809375 0.5746209106145251 0.48660714218749995 0.6836924720670391 0.5089285718750001 0.7395583938547486 0.5610119046875 0.8512902374301676
3 0.6116071421875 0.3192338379888268 0.5922619046875 0.29263101955307264 0.6056547609375 0.27666932681564244 0.6369047609375 0.23410481564245808 0.6577380953125 0.19154030446927373 0.6369047609375 0.19154030446927373 0.5982142859375 0.20218143296089386 0.5714285718750001 0.22346368715083798 0.5580357140625 0.2899707374301676 0.5714285718750001 0.3165735558659218 0.6116071421875 0.3192338379888268
5 0.30625 0.24860335195530725 0.13125 0.1787709497206704
5 0.4546875 0.15083798882681565 0.1078125 0.12849162011173185
5 0.3265625 0.44972067039106145 0.1734375 0.2122905027932961
4 0.2328125 0.6871508379888268 0.0921875 0.20391061452513967
1 0.36875 0.7011173184357542 0.0953125 0.13128491620111732
3 0.46875 0.39664804469273746 0.1140625 0.31564245810055863
4 0.6625 0.6703910614525139 0.0875 0.20949720670391062
1 0.7515625 0.7094972067039106 0.103125 0.19553072625698323
3 0.9359375 0.7821229050279329 0.1265625 0.388268156424581
5 0.734375 0.43854748603351956 0.2375 0.3463687150837989
5 0.8671875 0.2430167597765363 0.1296875 0.15083798882681565
4 0.803125 0.39664804469273746 0.0625 0.1452513966480447
1 0.903125 0.42178770949720673 0.078125 0.11173184357541899