3 0.234375 0.6027397260273972 0.171875 0.2821917808219178
3 0.5265625 0.8082191780821918 0.1046875 0.20273972602739726
2 0.4359375 0.4547945205479452 0.125 0.24383561643835616
2 0.684375 0.9205479452054794 0.0625 0.10136986301369863
2 0.540625 0.21095890410958903 0.109375 0.1643835616438356
5 0.3546875 0.29863013698630136 0.2046875 0.3287671232876712
5 0.646875 0.7041095890410959 0.1546875 0.11232876712328767
0 0.5765625 0.36712328767123287 0.078125 0.1178082191780822
0 0.79375 0.8958904109589041 0.046875 0.0821917808219178
0 0.8140625 0.19452054794520549 0.0453125 0.07397260273972603
3 0.6421875 0.1232876712328767 0.046875 0.14520547945205478
5 0.7140625 0.0547945205479452 0.1296875 0.10684931506849316
2 0.721875 0.2191780821917808 0.075 0.10136986301369863