0 0.9234375 0.7985865724381626 0.0796875 0.10777385159010601
0 0.9234375 0.5812720848056537 0.0734375 0.10070671378091872
0 0.915625 0.26148409893992935 0.0734375 0.09187279151943463
3 0.1953125 0.773851590106007 0.184375 0.20848056537102475
3 0.2796875 0.4452296819787986 0.159375 0.2137809187279152
3 0.2890625 0.22791519434628976 0.14375 0.16607773851590105
5 0.45 0.8886925795053003 0.296875 0.11484098939929328
5 0.5140625 0.5865724381625441 0.253125 0.07773851590106007
5 0.5328125 0.3127208480565371 0.26875 0.09540636042402827
2 0.7171875 0.842756183745583 0.10625 0.08833922261484099
2 0.725 0.5229681978798587 0.1265625 0.08480565371024736
2 0.740625 0.2508833922261484 0.1109375 0.08833922261484099
4 0.69375 0.13957597173144876 0.1109375 0.10070671378091872
4 0.696875 0.43109540636042404 0.096875 0.10777385159010601
4 0.640625 0.666077738515901 0.10625 0.14487632508833923
1 0.409375 0.7332155477031802 0.121875 0.09540636042402827
1 0.475 0.4416961130742049 0.109375 0.07773851590106007
1 0.490625 0.18197879858657243 0.109375 0.07950530035335689