0 0.871859296482412 0.66328125 0.10217755443886097 0.09375
0 0.45309882747068675 0.40078125 0.05862646566164154 0.071875
0 0.09463986599664992 0.58515625 0.06030150753768844 0.040625
3 0.14991624790619765 0.16640625 0.152428810720268 0.134375
3 0.8082077051926299 0.14296875 0.21943048576214405 0.1609375
3 0.5536013400335008 0.79609375 0.18090452261306533 0.11875
5 0.9003350083752094 0.31171875 0.10720268006700168 0.134375
5 0.5871021775544388 0.65703125 0.11892797319932999 0.1015625
5 0.2102177554438861 0.31796875 0.09380234505862646 0.0984375
2 0.7981574539363484 0.48046875 0.12227805695142378 0.1015625
2 0.4380234505862647 0.55859375 0.13400335008375208 0.0859375
1 0.11474036850921274 0.28359375 0.07202680067001675 0.0875
1 0.5050251256281407 0.69296875 0.09380234505862646 0.0828125
1 0.7814070351758794 0.29296875 0.11055276381909548 0.1109375
4 0.8115577889447236 0.39453125 0.08040201005025126 0.0859375
4 0.4882747068676717 0.63046875 0.08375209380234507 0.071875
4 0.10134003350083752 0.36953125 0.07705192629815745 0.0625
2 0.08626465661641541 0.46171875 0.07705192629815745 0.075