3 0.078125 0.4028103044496487 0.15625 0.20374707259953162
3 0.2671875 0.3372365339578454 0.1390625 0.17330210772833723
3 0.4296875 0.33489461358313816 0.15 0.14285714285714285
3 0.3703125 0.4894613583138173 0.1578125 0.1756440281030445
0 0.659375 0.22716627634660422 0.0515625 0.08430913348946135
0 0.603125 0.3091334894613583 0.075 0.07728337236533958
0 0.4953125 0.3044496487119438 0.05625 0.07728337236533958
0 0.2265625 0.3161592505854801 0.059375 0.07728337236533958
0 0.140625 0.32786885245901637 0.0515625 0.06791569086651054
0 0.0609375 0.24355971896955503 0.0484375 0.07259953161592506
0 0.3609375 0.8969555035128806 0.065625 0.08196721311475409
0 0.4046875 0.7634660421545667 0.05625 0.07728337236533958
0 0.5609375 0.8899297423887588 0.0625 0.08430913348946135
0 0.8609375 0.8126463700234192 0.065625 0.0936768149882904
0 0.228125 0.9648711943793911 0.05 0.0702576112412178
0 0.878125 0.2997658079625293 0.0515625 0.07962529274004684
0 0.9453125 0.2107728337236534 0.0515625 0.08899297423887588
2 0.7484375 0.7306791569086651 0.1 0.12412177985948478
2 0.565625 0.14988290398126464 0.053125 0.08430913348946135
2 0.265625 0.747072599531616 0.075 0.11007025761124122
2 0.346875 0.6135831381733021 0.059375 0.10772833723653395
2 0.1390625 0.10070257611241218 0.0640625 0.11241217798594848
5 0.6359375 0.5175644028103045 0.103125 0.11241217798594848
5 0.1328125 0.7892271662763466 0.0671875 0.11475409836065574