0 0.115625 0.5484581497797357 0.103125 0.15859030837004406
0 0.2875 0.33259911894273125 0.09375 0.10572687224669604
2 0.340625 0.6674008810572687 0.1453125 0.14537444933920704
5 0.4984375 0.3898678414096916 0.14375 0.17841409691629956
5 0.58125 0.24008810572687225 0.1 0.10572687224669604
3 0.815625 0.4008810572687225 0.1375 0.3634361233480176
3 0.8234375 0.5859030837004405 0.175 0.5110132158590308
1 0.7015625 0.43392070484581496 0.0796875 0.0947136563876652
1 0.6890625 0.6519823788546255 0.0796875 0.10352422907488987
4 0.5265625 0.7070484581497798 0.1015625 0.16299559471365638
4 0.575 0.44933920704845814 0.0703125 0.09251101321585903