3 0.075 0.5446009389671361 0.1453125 0.2652582159624413
3 0.553125 0.7183098591549296 0.115625 0.19248826291079812
5 0.2046875 0.2511737089201878 0.2109375 0.392018779342723
5 0.7015625 0.5023474178403756 0.2046875 0.25821596244131456
2 0.2796875 0.3427230046948357 0.10625 0.14788732394366197
2 0.7765625 0.6244131455399061 0.0921875 0.1643192488262911
1 0.246875 0.5657276995305164 0.15625 0.11971830985915492
1 0.6890625 0.7676056338028169 0.115625 0.11502347417840375
4 0.3890625 0.5070422535211268 0.128125 0.19014084507042253
4 0.8046875 0.7206572769953051 0.1140625 0.13615023474178403
0 0.421875 0.20187793427230047 0.1109375 0.11032863849765258
0 0.9265625 0.5610328638497653 0.0765625 0.11737089201877934