0 0.5546875 0.7415730337078652 0.046875 0.07584269662921349
0 0.3875 0.5814606741573034 0.0328125 0.09550561797752809
0 0.6234375 0.7050561797752809 0.0625 0.07865168539325842
0 0.534375 0.2612359550561798 0.0359375 0.09269662921348315
3 0.325 0.34831460674157305 0.10625 0.12921348314606743
3 0.515625 0.9648876404494382 0.1 0.0702247191011236
3 0.4953125 0.018258426966292134 0.0875 0.03651685393258427
5 0.29375 0.5028089887640449 0.059375 0.15730337078651685
5 0.5140625 0.4606741573033708 0.0640625 0.3342696629213483
5 0.46875 0.8735955056179775 0.053125 0.1853932584269663
4 0.6015625 0.8033707865168539 0.059375 0.1348314606741573
4 0.6515625 0.49157303370786515 0.059375 0.12640449438202248
4 0.4140625 0.5112359550561798 0.0671875 0.14606741573033707
2 0.3609375 0.46629213483146065 0.078125 0.10112359550561797
2 0.553125 0.8735955056179775 0.0625 0.09550561797752809
2 0.5875 0.5365168539325843 0.06875 0.10393258426966293
2 0.59375 0.38764044943820225 0.08125 0.12078651685393259
2 0.6015625 0.20786516853932585 0.08125 0.08707865168539326