3 0.884375 0.24070021881838075 0.16875 0.31947483588621445
3 0.503125 0.6739606126914661 0.0859375 0.24507658643326038
3 0.675 0.7943107221006565 0.0828125 0.19912472647702406
3 0.4796875 0.9190371991247265 0.0890625 0.16192560175054704
3 0.5578125 0.6914660831509847 0.109375 0.2647702407002188
5 0.68125 0.4551422319474836 0.0984375 0.087527352297593
5 0.3375 0.7921225382932167 0.1203125 0.09846827133479212
1 0.6671875 0.2100656455142232 0.1125 0.0962800875273523
1 0.340625 0.849015317286652 0.0703125 0.07658643326039387
1 0.3609375 0.5689277899343544 0.0578125 0.0962800875273523
0 0.1328125 0.849015317286652 0.0640625 0.0962800875273523
0 0.403125 0.387308533916849 0.0640625 0.13566739606126915
0 0.753125 0.5645514223194749 0.0640625 0.09190371991247265
0 0.7515625 0.4135667396061269 0.059375 0.08971553610503283
0 0.0921875 0.6345733041575492 0.053125 0.11159737417943107
2 0.2 0.6805251641137856 0.1 0.10940919037199125
2 0.5484375 0.3588621444201313 0.1328125 0.08096280087527352
2 0.8453125 0.5601750547045952 0.1328125 0.11159737417943107
2 0.875 0.42669584245076586 0.1203125 0.06564551422319474
5 0.94375 0.6914660831509847 0.08125 0.0962800875273523