3 0.0828125 0.44987775061124696 0.0890625 0.2176039119804401
3 0.2125 0.5599022004889975 0.1046875 0.2078239608801956
3 0.39375 0.15647921760391198 0.1015625 0.1491442542787286
3 0.6890625 0.4474327628361858 0.05625 0.13691931540342298
3 0.634375 0.58679706601467 0.0875 0.20293398533007334
3 0.7734375 0.3422982885085575 0.1015625 0.18092909535452323
3 0.9125 0.3105134474327628 0.071875 0.1784841075794621
3 0.8171875 0.8655256723716381 0.084375 0.16381418092909536
3 0.509375 0.882640586797066 0.109375 0.18092909535452323
3 0.1484375 0.8312958435207825 0.0984375 0.22249388753056235
0 0.1984375 0.12224938875305623 0.04375 0.08557457212713937
0 0.3265625 0.34474327628361856 0.0359375 0.07823960880195599
0 0.4875 0.37897310513447435 0.0453125 0.10757946210268948
0 0.428125 0.6943765281173594 0.0328125 0.08557457212713937
0 0.7515625 0.7652811735941321 0.0390625 0.08068459657701711
0 0.71875 0.6405867970660146 0.0515625 0.08068459657701711
0 0.896875 0.6259168704156479 0.04375 0.09046454767726161
0 0.91875 0.7383863080684596 0.0515625 0.061124694376528114
0 0.79375 0.07090464547677261 0.0859375 0.061124694376528114
0 0.65625 0.08312958435207823 0.05 0.08068459657701711
5 0.484375 0.07334963325183375 0.0828125 0.10024449877750612
5 0.05 0.1491442542787286 0.0671875 0.08068459657701711
5 0.1625 0.3569682151589242 0.0765625 0.097799511002445
5 0.0359375 0.7701711491442543 0.06875 0.13691931540342298
5 0.28125 0.7114914425427873 0.0875 0.09290953545232274
5 0.3015625 0.4132029339853301 0.0921875 0.13447432762836187
5 0.5890625 0.7652811735941321 0.075 0.09290953545232274
5 0.4109375 0.9095354523227384 0.096875 0.10024449877750612
5 0.7515625 0.5158924205378973 0.0640625 0.10757946210268948
3 0.20625 0.843520782396088 0.0921875 0.22249388753056235
3 0.2640625 0.9290953545232273 0.084375 0.14180929095354522
3 0.609375 0.8948655256723717 0.096875 0.21026894865525672
5 0.871875 0.8019559902200489 0.0640625 0.11491442542787286
5 0.9484375 0.6625916870415648 0.0453125 0.10024449877750612
5 0.9671875 0.2787286063569682 0.0640625 0.1271393643031785
2 0.403125 0.4841075794621027 0.0546875 0.1100244498777506
2 0.1375 0.19315403422982885 0.0515625 0.07579462102689487
2 0.396875 0.7628361858190709 0.04375 0.07823960880195599
2 0.6875 0.8337408312958435 0.05 0.08312958435207823
2 0.8296875 0.6308068459657702 0.0453125 0.08068459657701711
2 0.825 0.1687041564792176 0.14375 0.08312958435207823
2 0.921875 0.7750611246943765 0.1546875 0.06845965770171149
1 0.075 0.26894865525672373 0.0328125 0.08068459657701711
4 0.103125 0.24938875305623473 0.0359375 0.06845965770171149
1 0.5046875 0.2078239608801956 0.046875 0.09046454767726161
4 0.5453125 0.19315403422982885 0.0484375 0.08557457212713937
1 0.3359375 0.5819070904645477 0.0515625 0.09290953545232274
4 0.3890625 0.5599022004889975 0.04375 0.07823960880195599