0 0.5796875 0.23222748815165878 0.0921875 0.14928909952606634
2 0.5703125 0.4786729857819905 0.1328125 0.21800947867298578
1 0.5546875 0.02014218009478673 0.090625 0.04028436018957346
5 0.6859375 0.022511848341232227 0.08125 0.045023696682464455
5 0.4296875 0.1386255924170616 0.06875 0.2772511848341232
3 0.2890625 0.11492890995260663 0.096875 0.22985781990521326
5 0.66953125 0.8293838862559242 0.0921875 0.3412322274881517
1 0.45390625 0.8388625592417062 0.1390625 0.3222748815165877
4 0.3828125 0.6729857819905213 0.1953125 0.590047393364929
4 0.23828125 0.20853080568720378 0.1359375 0.41706161137440756
2 0.7125 0.8436018957345972 0.0609375 0.10426540284360189
5 0.77578125 0.9585308056872038 0.0578125 0.08293838862559241
2 0.746875 0.42417061611374407 0.06875 0.0924170616113744
5 0.721875 0.5545023696682464 0.0671875 0.08767772511848342