3 0.65625 0.5508849557522124 0.0875 0.1261061946902655
3 0.3703125 0.7190265486725663 0.103125 0.12389380530973451
3 0.4546875 0.06637168141592921 0.0875 0.13274336283185842
5 0.7390625 0.6460176991150443 0.09375 0.14601769911504425
5 0.471875 0.8495575221238938 0.11875 0.20575221238938052
5 0.3796875 0.18805309734513273 0.1171875 0.1261061946902655
2 0.225 0.19247787610619468 0.059375 0.17920353982300885
2 0.7078125 0.7168141592920354 0.04375 0.08185840707964602
2 0.415625 0.9402654867256637 0.0546875 0.09955752212389381
4 0.3734375 0.9546460176991151 0.065625 0.09070796460176991
4 0.675 0.7345132743362832 0.04375 0.07079646017699115
1 0.659375 0.6482300884955752 0.0375 0.07743362831858407
1 0.375 0.8362831858407079 0.0421875 0.11283185840707964