3 0.5359375 0.27876106194690264 0.0890625 0.12389380530973451
3 0.6546875 0.6836283185840708 0.0875 0.14601769911504425
3 0.190625 0.5641592920353983 0.1015625 0.12389380530973451
5 0.603125 0.16150442477876106 0.103125 0.13274336283185842
5 0.746875 0.5398230088495575 0.1453125 0.168141592920354
5 0.2796875 0.6703539823008849 0.0890625 0.16592920353982302
2 0.2828125 0.8893805309734514 0.1265625 0.084070796460177
2 0.653125 0.20575221238938052 0.0578125 0.061946902654867256
2 0.8109375 0.6194690265486725 0.0703125 0.07743362831858407
4 0.8234375 0.6792035398230089 0.06875 0.09292035398230089
4 0.665625 0.252212389380531 0.05 0.061946902654867256
1 0.6046875 0.2743362831858407 0.0546875 0.05309734513274336
1 0.7375 0.6769911504424779 0.0796875 0.059734513274336286