3 0.46875 0.3326923076923077 0.1453125 0.16923076923076924
3 0.65 0.6326923076923077 0.1375 0.1673076923076923
3 0.3421875 0.25576923076923075 0.1390625 0.11153846153846154
5 0.5703125 0.36923076923076925 0.0828125 0.2
0 0.5796875 0.5903846153846154 0.08125 0.08846153846153847
0 0.7609375 0.9461538461538461 0.0625 0.1076923076923077
0 0.375 0.07884615384615384 0.0875 0.08653846153846154
0 0.478125 0.47115384615384615 0.071875 0.06538461538461539
0 0.3171875 0.2173076923076923 0.078125 0.08076923076923077
5 0.7578125 0.6961538461538461 0.0890625 0.2423076923076923
5 0.4421875 0.29423076923076924 0.0890625 0.17884615384615385
1 0.6109375 0.7461538461538462 0.1328125 0.17884615384615385
1 0.4765625 0.4634615384615385 0.103125 0.09423076923076923
1 0.353125 0.35192307692307695 0.1390625 0.1326923076923077