0 0.534375 0.9845814977973568 0.1125 0.030837004405286344
0 0.38125 0.7995594713656388 0.075 0.13215859030837004
2 0.61875 0.724669603524229 0.103125 0.20484581497797358
5 0.421875 0.5022026431718062 0.1265625 0.2026431718061674
5 0.315625 0.3854625550660793 0.075 0.14096916299559473
3 0.42890625 0.07599118942731277 0.2578125 0.15198237885462554
3 0.5609375 0.08370044052863436 0.3625 0.16740088105726872
1 0.453125 0.21585903083700442 0.0671875 0.11233480176211454
1 0.6078125 0.23348017621145375 0.0734375 0.11233480176211454
4 0.646875 0.46255506607929514 0.115625 0.14317180616740088
4 0.4640625 0.394273127753304 0.065625 0.09911894273127753