0 0.9234375 0.7863849765258216 0.075 0.15492957746478872
0 0.93125 0.2652582159624413 0.05625 0.12206572769953052
3 0.0921875 0.2934272300469484 0.140625 0.392018779342723
3 0.3078125 0.7746478873239436 0.1078125 0.3380281690140845
5 0.653125 0.9131455399061033 0.290625 0.11737089201877934
5 0.56875 0.4812206572769953 0.3453125 0.1784037558685446
2 0.753125 0.7793427230046949 0.090625 0.07511737089201878
2 0.703125 0.24882629107981222 0.1484375 0.0892018779342723
4 0.7703125 0.6737089201877934 0.0609375 0.09154929577464789
4 0.7171875 0.12206572769953052 0.0671875 0.0892018779342723
1 0.4015625 0.1267605633802817 0.0875 0.14788732394366197
1 0.5109375 0.6830985915492958 0.06875 0.08215962441314555