5 0.66796875 0.05486284289276808 0.2890625 0.10972568578553615
5 0.66484375 0.5498753117206983 0.2921875 0.20947630922693267
5 0.53671875 0.9027431421446384 0.1828125 0.19451371571072318
2 0.45546875 0.15087281795511223 0.0703125 0.1546134663341646
2 0.39765625 0.527431421446384 0.0796875 0.19201995012468828
2 0.34140625 0.871571072319202 0.0765625 0.1546134663341646
4 0.45 0.9812967581047382 0.065625 0.03740648379052369
4 0.53671875 0.6820448877805486 0.06875 0.12718204488778054
4 0.58671875 0.2281795511221945 0.059375 0.14713216957605985
0 0.27421875 0.6022443890274314 0.075 0.1371571072319202
0 0.35390625 0.22069825436408977 0.0703125 0.14463840399002495