0 0.0875 0.3145539906103286 0.125 0.1807511737089202
0 0.06875 0.7652582159624414 0.0890625 0.08450704225352113
2 0.2671875 0.7582159624413145 0.1953125 0.18309859154929578
2 0.2765625 0.25586854460093894 0.16875 0.12206572769953052
5 0.4328125 0.4765258215962441 0.1859375 0.1784037558685446
5 0.41171875 0.9401408450704225 0.1703125 0.11971830985915492
4 0.44375 0.607981220657277 0.128125 0.1431924882629108
4 0.45625 0.08450704225352113 0.1328125 0.13615023474178403
1 0.6484375 0.18309859154929578 0.2640625 0.2300469483568075
1 0.5890625 0.6384976525821596 0.2578125 0.2347417840375587
3 0.8828125 0.3544600938967136 0.23125 0.38497652582159625
3 0.84375 0.7863849765258216 0.23125 0.4131455399061033