3 0.0703125 0.6416666666666667 0.140625 0.33125
3 0.23125 0.4166666666666667 0.1875 0.3020833333333333
1 0.2265625 0.7395833333333334 0.146875 0.16666666666666666
5 0.3453125 0.475 0.375 0.14791666666666667
4 0.525 0.7958333333333333 0.1546875 0.11458333333333333
2 0.5359375 0.6875 0.15 0.13125
0 0.8078125 0.7208333333333333 0.1671875 0.14375
0 0.9078125 0.5375 0.1359375 0.14375
5 0.50625 0.2791666666666667 0.3265625 0.15208333333333332
3 0.1 0.29375 0.1203125 0.22291666666666668
5 0.65 0.16458333333333333 0.35 0.15208333333333332