2 0.6078125 0.4666666666666667 0.1265625 0.09166666666666666
2 0.690625 0.63125 0.1234375 0.07083333333333333
2 0.684375 0.8708333333333333 0.115625 0.07916666666666666
0 0.878125 0.14791666666666667 0.0734375 0.12291666666666666
0 0.7828125 0.2375 0.0765625 0.10625
0 0.9421875 0.3458333333333333 0.0921875 0.09583333333333334
0 0.8765625 0.5354166666666667 0.0890625 0.1125
0 0.8640625 0.66875 0.084375 0.08333333333333333
0 0.871875 0.84375 0.0859375 0.09166666666666666
0 0.8359375 0.33958333333333335 0.0546875 0.1125
0 0.421875 0.66875 0.103125 0.11458333333333333