3 0.5921875 0.03333333333333333 0.2875 0.06666666666666667
3 0.3578125 0.7770833333333333 0.3 0.26666666666666666
1 0.228125 0.9375 0.1125 0.125
5 0.3671875 0.9604166666666667 0.084375 0.07916666666666666
1 0.3859375 0.016666666666666666 0.078125 0.03333333333333333
1 0.51875 0.12291666666666666 0.0828125 0.20625
4 0.4828125 0.375 0.065625 0.2
4 0.3171875 0.16041666666666668 0.071875 0.16041666666666668
2 0.375 0.1875 0.0734375 0.15416666666666667
2 0.5625 0.4041666666666667 0.1015625 0.16875
5 0.6515625 0.23541666666666666 0.0953125 0.43333333333333335
0 0.353125 0.38125 0.075 0.12708333333333333
0 0.5421875 0.6333333333333333 0.096875 0.1125
0 0.7375 0.2 0.0609375 0.08125
3 0.7421875 0.3020833333333333 0.103125 0.10833333333333334
3 0.734375 0.6270833333333333 0.08125 0.10416666666666667
0 0.6765625 0.91875 0.0625 0.07083333333333333