0 0.365625 0.598314606741573 0.0421875 0.08426966292134831
0 0.4546875 0.29775280898876405 0.053125 0.05898876404494382
0 0.3859375 0.7219101123595506 0.04375 0.11235955056179775
0 0.6328125 0.5617977528089888 0.0515625 0.06460674157303371
0 0.8515625 0.33707865168539325 0.040625 0.09269662921348315
3 0.584375 0.1853932584269663 0.071875 0.19101123595505617
3 0.228125 0.5280898876404494 0.0640625 0.1797752808988764
3 0.7890625 0.49157303370786515 0.0625 0.15730337078651685
5 0.4984375 0.12921348314606743 0.0875 0.10674157303370786
5 0.521875 0.5252808988764045 0.1859375 0.1151685393258427
5 0.2921875 0.4438202247191011 0.103125 0.09550561797752809
4 0.33125 0.6825842696629213 0.075 0.10674157303370786
4 0.5046875 0.7724719101123596 0.0703125 0.10674157303370786
4 0.49375 0.3455056179775281 0.08125 0.12078651685393259
2 0.51875 0.25 0.05625 0.1404494382022472
2 0.2921875 0.5955056179775281 0.053125 0.11235955056179775
2 0.4796875 0.6573033707865169 0.0578125 0.12359550561797752
2 0.5625 0.6685393258426966 0.0671875 0.14606741573033707
2 0.6625 0.6825842696629213 0.0484375 0.14606741573033707
2 0.8953125 0.38764044943820225 0.0546875 0.17415730337078653