0 0.4820224719101124 0.76015625 0.09438202247191012 0.0421875
0 0.36292134831460676 0.48046875 0.06741573033707865 0.046875
0 0.7651685393258427 0.56484375 0.060674157303370786 0.0375
0 0.6056179775280899 0.24609375 0.07415730337078652 0.034375
5 0.41235955056179774 0.58515625 0.1258426966292135 0.0765625
5 0.3112359550561798 0.38671875 0.0853932584269663 0.0578125
5 0.7067415730337079 0.44765625 0.0898876404494382 0.05
3 0.7269662921348314 0.66796875 0.1662921348314607 0.0625
3 0.5426966292134832 0.51015625 0.1842696629213483 0.084375
3 0.41685393258426967 0.32421875 0.1662921348314607 0.0734375
3 0.6123595505617978 0.38984375 0.12359550561797752 0.0515625
2 0.5292134831460674 0.65234375 0.08089887640449438 0.059375
2 0.41460674157303373 0.41328125 0.056179775280898875 0.0546875
4 0.5943820224719101 0.63828125 0.07191011235955057 0.05
1 0.5943820224719101 0.59140625 0.09438202247191012 0.0484375
3 0.9606741573033708 0.64765625 0.07865168539325842 0.0640625
3 0.7966292134831461 0.38984375 0.13707865168539327 0.053125
5 0.553932584269663 0.33828125 0.07415730337078652 0.06875
5 0.9202247191011236 0.72109375 0.07415730337078652 0.0515625
4 0.6842696629213483 0.31484375 0.0853932584269663 0.0515625
4 0.6932584269662921 0.23359375 0.07191011235955057 0.046875
4 0.8550561797752809 0.47890625 0.06741573033707865 0.0359375