0 0.634375 0.40168539325842695 0.0421875 0.08426966292134831
0 0.5453125 0.702247191011236 0.053125 0.05898876404494382
0 0.6140625 0.27808988764044945 0.04375 0.11235955056179775
0 0.3671875 0.43820224719101125 0.0515625 0.06460674157303371
0 0.1484375 0.6629213483146067 0.040625 0.09269662921348315
3 0.415625 0.8146067415730337 0.071875 0.19101123595505617
3 0.771875 0.47191011235955055 0.0640625 0.1797752808988764
3 0.2109375 0.5084269662921348 0.0625 0.15730337078651685
5 0.5015625 0.8707865168539326 0.0875 0.10674157303370786
5 0.478125 0.4747191011235955 0.1859375 0.1151685393258427
5 0.7078125 0.5561797752808989 0.103125 0.09550561797752809
4 0.66875 0.31741573033707865 0.075 0.10674157303370786
4 0.4953125 0.22752808988764045 0.0703125 0.10674157303370786
4 0.50625 0.6544943820224719 0.08125 0.12078651685393259
2 0.48125 0.75 0.05625 0.1404494382022472
2 0.7078125 0.4044943820224719 0.053125 0.11235955056179775
2 0.5203125 0.34269662921348315 0.0578125 0.12359550561797752
2 0.4375 0.33146067415730335 0.0671875 0.14606741573033707
2 0.3375 0.31741573033707865 0.0484375 0.14606741573033707
2 0.1046875 0.6123595505617978 0.0546875 0.17415730337078653