3 0.7109375 0.5418410041841004 0.1578125 0.1589958158995816
5 0.784375 0.2803347280334728 0.0765625 0.15690376569037656
5 0.5984375 0.7071129707112971 0.1828125 0.19665271966527198
3 0.7265625 0.33263598326359833 0.075 0.12552301255230125
2 0.50625 0.5899581589958159 0.1015625 0.2112970711297071
2 0.7265625 0.10669456066945607 0.09375 0.08158995815899582
4 0.659375 0.15481171548117154 0.0609375 0.10669456066945607
4 0.4609375 0.5774058577405857 0.0609375 0.09205020920502092
1 0.584375 0.5648535564853556 0.1 0.08786610878661087
0 0.39375 0.7280334728033473 0.0671875 0.11506276150627615
0 0.6921875 0.15481171548117154 0.0546875 0.08786610878661087