3 0.1265625 0.36486486486486486 0.171875 0.2945945945945946
3 0.4140625 0.7891891891891892 0.1359375 0.27837837837837837
3 0.453125 0.6567567567567567 0.1 0.2864864864864865
5 0.2125 0.15675675675675677 0.215625 0.17297297297297298
5 0.521875 0.44594594594594594 0.2171875 0.16216216216216217
5 0.3265625 0.6270270270270271 0.190625 0.14324324324324325
1 0.315625 0.9054054054054054 0.1984375 0.15675675675675677
1 0.278125 0.46216216216216216 0.271875 0.22162162162162163
1 0.5671875 0.7432432432432432 0.2015625 0.21891891891891893
0 0.6 0.17297297297297298 0.084375 0.13513513513513514
0 0.85 0.3864864864864865 0.1171875 0.2
2 0.1078125 0.754054054054054 0.1078125 0.17297297297297298
2 0.4578125 0.24324324324324326 0.103125 0.20540540540540542
2 0.70625 0.5486486486486486 0.1 0.1891891891891892
3 0.8359375 0.10810810810810811 0.096875 0.21351351351351353