0 0.93125 0.5279329608938548 0.0703125 0.1871508379888268
0 0.859375 0.7458100558659218 0.05625 0.13128491620111732
0 0.5171875 0.61731843575419 0.0625 0.15921787709497207
0 0.321875 0.7430167597765364 0.0515625 0.11173184357541899
3 0.3556547609375 0.46794360055865925 0.3913690484375 0.4732641648044693 0.44940476093750004 0.4493216284916201 0.502976190625 0.4253790893854749 0.5133928578125 0.3163075279329609 0.491071428125 0.2604416061452514 0.4389880953125 0.1487097625698324 0.40178571406249997 0.11678637988826816 0.403273809375 0.16467145530726257 0.42559523906249996 0.23649906983240224 0.44345238125 0.28438414525139666 0.4375 0.31098696368715084 0.40178571406249997 0.3668528854748604 0.36904761875 0.4253790893854749 0.3556547609375 0.46794360055865925
3 0.44196428593750003 0.7100292625698323 0.428571428125 0.6834264441340782 0.3883928578125 0.6807661620111731 0.4077380953125 0.7073689804469273 0.3943452390625 0.7233306731843575 0.3630952390625 0.7658951843575419 0.3422619046875 0.8084596955307262 0.3630952390625 0.8084596955307262 0.40178571406249997 0.7978185670391063 0.428571428125 0.776536312849162 0.44196428593750003 0.7100292625698323
5 0.69375 0.7513966480446927 0.13125 0.1787709497206704
5 0.5453125 0.8491620111731844 0.1078125 0.12849162011173185
5 0.6734375 0.5502793296089385 0.1734375 0.2122905027932961
4 0.7671875 0.3128491620111732 0.0921875 0.20391061452513967
1 0.63125 0.2988826815642458 0.0953125 0.13128491620111732
3 0.53125 0.6033519553072626 0.1140625 0.31564245810055863
4 0.3375 0.329608938547486 0.0875 0.20949720670391062
1 0.2484375 0.2905027932960894 0.103125 0.19553072625698323
3 0.0640625 0.21787709497206703 0.1265625 0.388268156424581
5 0.265625 0.5614525139664804 0.2375 0.3463687150837989
5 0.1328125 0.7569832402234636 0.1296875 0.15083798882681565
4 0.196875 0.6033519553072626 0.0625 0.1452513966480447
1 0.096875 0.5782122905027933 0.078125 0.11173184357541899