0 0.1453125 0.562363238512035 0.0890625 0.15317286652078774
0 0.3625 0.1838074398249453 0.0875 0.10940919037199125
5 0.4671875 0.5295404814004376 0.321875 0.3304157549234136
5 0.6546875 0.1925601750547046 0.259375 0.24288840262582057
3 0.8046875 0.36980306345733044 0.1578125 0.23194748358862144
3 0.6453125 0.7943107221006565 0.1734375 0.26914660831509846
2 0.3171875 0.6783369803063457 0.109375 0.15536105032822758
2 0.5046875 0.28665207877461707 0.1171875 0.11597374179431072
4 0.328125 0.8577680525164114 0.1109375 0.1772428884026258
1 0.4625 0.862144420131291 0.2625 0.16849015317286653
4 0.509375 0.3982494529540481 0.0734375 0.12472647702407003
1 0.640625 0.4310722100656455 0.21875 0.1772428884026258