3 0.684375 0.9595185995623632 0.228125 0.08096280087527352
3 0.37578125 0.5043763676148797 0.175 0.12035010940919037
3 0.28984375 0.7450765864332604 0.1421875 0.11597374179431072
3 0.20078125 0.47155361050328226 0.115625 0.12472647702407003
3 0.36328125 0.5809628008752735 0.1890625 0.15317286652078774
5 0.53203125 0.7538293216630197 0.0625 0.13785557986870897
5 0.29140625 0.2724288840262582 0.0703125 0.16849015317286653
1 0.70703125 0.7341356673960613 0.06875 0.1575492341356674
1 0.25078125 0.27680525164113784 0.0546875 0.09846827133479212
1 0.45078125 0.3052516411378556 0.06875 0.08096280087527352
0 0.25 0.015317286652078774 0.06875 0.030634573304157548
0 0.58046875 0.36433260393873085 0.096875 0.08971553610503283
0 0.45390625 0.8544857768052516 0.065625 0.08971553610503283
0 0.56171875 0.8522975929978118 0.0640625 0.08315098468271334
2 0.37109375 0.07986870897155361 0.078125 0.1400437636761488
2 0.60078125 0.5678336980306345 0.0578125 0.18599562363238512
2 0.45703125 0.9452954048140044 0.0796875 0.10940919037199125
2 0.5515625 0.9704595185995624 0.046875 0.05908096280087528