0 0.45546875 0.767223382045929 0.071875 0.07724425887265135
0 0.36484375 0.7797494780793319 0.040625 0.04384133611691023
5 0.40859375 0.4812108559498956 0.1328125 0.29436325678496866
3 0.53359375 0.2661795407098121 0.134375 0.1837160751565762
1 0.54453125 0.4394572025052192 0.0828125 0.16075156576200417
2 0.49140625 0.6127348643006263 0.096875 0.14822546972860126
4 0.56171875 0.6169102296450939 0.0953125 0.12526096033402923
3 0.33203125 0.6252609603340292 0.0671875 0.07724425887265135
5 0.30078125 0.7275574112734864 0.05 0.14822546972860126
2 0.34140625 0.09081419624217119 0.059375 0.08768267223382047
0 0.35390625 0.024008350730688934 0.0265625 0.04801670146137787