0 0.128125 0.5514018691588785 0.0453125 0.08644859813084112
0 0.440625 0.29439252336448596 0.053125 0.102803738317757
3 0.5171875 0.6869158878504673 0.1203125 0.2570093457943925
3 0.828125 0.3925233644859813 0.1 0.24532710280373832
5 0.7015625 0.21261682242990654 0.178125 0.24532710280373832
5 0.3953125 0.5093457943925234 0.2015625 0.22897196261682243
1 0.415625 0.7873831775700935 0.1140625 0.11448598130841121
1 0.7375 0.46261682242990654 0.13125 0.102803738317757
2 0.58125 0.3294392523364486 0.09375 0.16822429906542055
2 0.271875 0.6191588785046729 0.1046875 0.1588785046728972
4 0.2921875 0.780373831775701 0.165625 0.20093457943925233
4 0.5890625 0.4369158878504673 0.1078125 0.10981308411214953