3 0.9125 0.6229166666666667 0.175 0.38333333333333336
3 0.2921875 0.3104166666666667 0.2 0.4
1 0.1359375 0.1375 0.165625 0.15
5 0.0921875 0.3229166666666667 0.1828125 0.1125
1 0.90625 0.34791666666666665 0.1140625 0.10416666666666667
1 0.7828125 0.525 0.1546875 0.11041666666666666
4 0.59375 0.47708333333333336 0.15 0.0875
4 0.7546875 0.25625 0.1203125 0.09583333333333334
2 0.734375 0.3333333333333333 0.115625 0.09791666666666667
2 0.571875 0.5833333333333334 0.1265625 0.13541666666666666
5 0.6984375 0.7020833333333333 0.325 0.12708333333333333
0 0.5890625 0.30416666666666664 0.0953125 0.1
0 0.4 0.55625 0.084375 0.12916666666666668
0 0.725 0.8166666666666667 0.0609375 0.08125
3 0.9484375 0.9354166666666667 0.103125 0.12708333333333333
3 0.6484375 0.8229166666666666 0.08125 0.1375
3 0.4046875 0.8125 0.078125 0.10833333333333334
0 0.1859375 0.7354166666666667 0.053125 0.08333333333333333