0 0.671875 0.09533898305084745 0.090625 0.06991525423728813
5 0.7921875 0.6334745762711864 0.09375 0.3665254237288136
5 0.440625 0.4279661016949153 0.090625 0.423728813559322
3 0.65546875 0.9332627118644068 0.1953125 0.13347457627118645
2 0.6796875 0.3283898305084746 0.0796875 0.1652542372881356
2 0.2359375 0.18008474576271186 0.203125 0.18008474576271186
4 0.246875 0.3644067796610169 0.090625 0.1483050847457627
4 0.6203125 0.5169491525423728 0.103125 0.13347457627118645
1 0.6484375 0.777542372881356 0.090625 0.163135593220339
1 0.284375 0.5847457627118644 0.0796875 0.1694915254237288
3 0.3390625 0.8008474576271186 0.2359375 0.2288135593220339