0 0.05625 0.7944915254237288 0.0703125 0.12076271186440678
0 0.2015625 0.2669491525423729 0.0515625 0.1228813559322034
5 0.5984375 0.1038135593220339 0.2703125 0.1271186440677966
5 0.446875 0.5805084745762712 0.3125 0.1228813559322034
3 0.8625 0.288135593220339 0.1828125 0.2648305084745763
2 0.3734375 0.2563559322033898 0.121875 0.10805084745762712
2 0.2640625 0.8580508474576272 0.1328125 0.2754237288135593
4 0.4 0.8432203389830508 0.109375 0.1228813559322034
4 0.5125 0.336864406779661 0.0984375 0.13983050847457626
1 0.7046875 0.298728813559322 0.1203125 0.1228813559322034
1 0.5625 0.7923728813559322 0.125 0.10805084745762712
3 0.721875 0.7182203389830508 0.16875 0.3199152542372881