0 0.328125 0.9046610169491526 0.090625 0.06991525423728813
5 0.2078125 0.3665254237288136 0.09375 0.3665254237288136
5 0.559375 0.5720338983050848 0.090625 0.423728813559322
3 0.34296875 0.06567796610169492 0.1953125 0.13135593220338984
2 0.3203125 0.6716101694915254 0.0796875 0.1652542372881356
2 0.7640625 0.8199152542372882 0.203125 0.18008474576271186
4 0.753125 0.635593220338983 0.090625 0.1483050847457627
4 0.3796875 0.4830508474576271 0.103125 0.13347457627118645
1 0.3515625 0.22245762711864406 0.090625 0.163135593220339
1 0.715625 0.4152542372881356 0.0796875 0.1694915254237288
3 0.6609375 0.19915254237288135 0.2359375 0.2288135593220339