3 0.0953125 0.37176470588235294 0.190625 0.5576470588235294
5 0.4109375 0.39294117647058824 0.40625 0.11058823529411765
1 0.2765625 0.5929411764705882 0.1484375 0.15058823529411763
4 0.4515625 0.7058823529411765 0.165625 0.12941176470588237
1 0.6140625 0.7694117647058824 0.1765625 0.11764705882352941
0 0.9171875 0.7952941176470588 0.1 0.19294117647058823
3 0.9046875 0.3976470588235294 0.190625 0.508235294117647
2 0.5078125 0.9094117647058824 0.1375 0.1811764705882353
5 0.321875 0.12 0.2140625 0.2
5 0.1140625 0.14823529411764705 0.121875 0.27294117647058824
2 0.103125 0.6282352941176471 0.1234375 0.1976470588235294