3 0.3484375 0.4718045112781955 0.153125 0.2951127819548872
3 0.2359375 0.7218045112781954 0.121875 0.2349624060150376
5 0.640625 0.41541353383458646 0.121875 0.15977443609022557
5 0.4765625 0.6785714285714286 0.1140625 0.10526315789473684
4 0.5828125 0.5977443609022557 0.0640625 0.07142857142857142
4 0.4453125 0.8214285714285714 0.0625 0.08458646616541353
1 0.35625 0.7894736842105263 0.0875 0.10714285714285714
1 0.4890625 0.5657894736842105 0.109375 0.14285714285714285
2 0.6640625 0.5582706766917294 0.0875 0.06203007518796992
2 0.5203125 0.7838345864661654 0.084375 0.039473684210526314
0 0.6515625 0.7781954887218046 0.071875 0.06015037593984962
0 0.8125 0.5845864661654135 0.0859375 0.06954887218045112