3 0.6515625 0.5281954887218046 0.153125 0.2951127819548872
3 0.7640625 0.2781954887218045 0.121875 0.2349624060150376
5 0.359375 0.5845864661654135 0.121875 0.15977443609022557
5 0.5234375 0.32142857142857145 0.1140625 0.10526315789473684
4 0.4171875 0.40225563909774437 0.0640625 0.07142857142857142
4 0.5546875 0.17857142857142858 0.0625 0.08458646616541353
1 0.64375 0.21052631578947367 0.0875 0.10714285714285714
1 0.5109375 0.4342105263157895 0.109375 0.14285714285714285
2 0.3359375 0.4417293233082707 0.0875 0.06203007518796992
2 0.4796875 0.2161654135338346 0.084375 0.039473684210526314
0 0.3484375 0.22180451127819548 0.071875 0.06015037593984962
0 0.1875 0.41541353383458646 0.0859375 0.06954887218045112