0 0.6578125 0.8071672354948806 0.0828125 0.08361774744027303
0 0.38671875 0.9837883959044369 0.0890625 0.032423208191126277
3 0.59375 0.09385665529010238 0.390625 0.18771331058020477
3 0.2625 0.25426621160409557 0.4109375 0.2781569965870307
5 0.740625 0.45051194539249145 0.0859375 0.19965870307167236
5 0.4828125 0.6109215017064846 0.1171875 0.17918088737201365
1 0.2390625 0.5119453924914675 0.1875 0.2235494880546075
1 0.5203125 0.32593856655290104 0.15625 0.19965870307167236
4 0.215625 0.6655290102389079 0.0875 0.11604095563139932
4 0.503125 0.49658703071672355 0.078125 0.10068259385665529
2 0.2984375 0.8037542662116041 0.0859375 0.14505119453924914
2 0.5765625 0.5955631399317406 0.0828125 0.14505119453924914