0 0.21875 0.6723549488054608 0.0765625 0.09044368600682594
0 0.0359375 0.3771331058020478 0.071875 0.09726962457337884
3 0.8921875 0.6023890784982935 0.2140625 0.42662116040955633
3 0.725 0.24061433447098976 0.2546875 0.44880546075085326
5 0.5453125 0.7627986348122867 0.1828125 0.09385665529010238
5 0.3984375 0.4812286689419795 0.1640625 0.12798634812286688
1 0.4890625 0.2150170648464164 0.2046875 0.20477815699658702
1 0.659375 0.5221843003412969 0.1828125 0.17064846416382254
4 0.3484375 0.189419795221843 0.10625 0.09556313993174062
4 0.503125 0.5034129692832765 0.0921875 0.08532423208191127
2 0.221875 0.27986348122866894 0.1328125 0.09385665529010238
2 0.4125 0.5836177474402731 0.1328125 0.09044368600682594