3 0.5234375 0.3176691729323308 0.2453125 0.18421052631578946
3 0.315625 0.18233082706766918 0.1953125 0.14661654135338345
5 0.5703125 0.6691729323308271 0.1328125 0.14661654135338345
5 0.3515625 0.4718045112781955 0.0875 0.13721804511278196
4 0.41875 0.599624060150376 0.059375 0.07706766917293233
4 0.2328125 0.4342105263157895 0.0703125 0.07518796992481203
1 0.259375 0.32706766917293234 0.0890625 0.10526315789473684
1 0.4453125 0.4868421052631579 0.11875 0.13157894736842105
2 0.4515625 0.6973684210526315 0.0515625 0.10526315789473684
2 0.2640625 0.5244360902255639 0.0328125 0.10150375939849623
0 0.26875 0.6823308270676691 0.05 0.08646616541353383
0 0.4296875 0.8759398496240601 0.0578125 0.10338345864661654