0 0.78125 0.32764505119453924 0.0765625 0.09044368600682594
0 0.9640625 0.6228668941979523 0.071875 0.09726962457337884
3 0.1078125 0.39761092150170646 0.2140625 0.42662116040955633
3 0.275 0.7593856655290102 0.2546875 0.44880546075085326
5 0.4546875 0.23720136518771331 0.1828125 0.09385665529010238
5 0.6015625 0.5187713310580204 0.1640625 0.12798634812286688
1 0.5109375 0.7849829351535836 0.2046875 0.20477815699658702
1 0.340625 0.4778156996587031 0.1828125 0.17064846416382254
4 0.6515625 0.810580204778157 0.10625 0.09556313993174062
4 0.496875 0.49658703071672355 0.0921875 0.08532423208191127
2 0.778125 0.7201365187713311 0.1328125 0.09385665529010238
2 0.5875 0.41638225255972694 0.1328125 0.09044368600682594