5 0.5578125 0.1774193548387097 0.1515625 0.14516129032258066
3 0.8984375 0.3087557603686636 0.1421875 0.3640552995391705
1 0.74375 0.4815668202764977 0.146875 0.2857142857142857
2 0.521875 0.4631336405529954 0.1546875 0.0944700460829493
0 0.278125 0.4631336405529954 0.109375 0.0944700460829493
4 0.6390625 0.5576036866359447 0.1046875 0.12442396313364056
2 0.25625 0.16589861751152074 0.096875 0.0576036866359447
2 0.4234375 0.16129032258064516 0.01875 0.04377880184331797
2 0.9375 0.17050691244239632 0.053125 0.0944700460829493
3 0.0296875 0.3617511520737327 0.0578125 0.1497695852534562
3 0.2859375 0.5875576036866359 0.1359375 0.14055299539170507
3 0.5375 0.771889400921659 0.128125 0.25806451612903225